-102
-88
-273
-273
-273
-273
-199
-87
-316
-368
-128
-114
-299
-299
-299
-323
-239
-86
-151
-252
-168
-105
-218
-263
-133
-135
-248
-135
-149
-330
-206
-192
-401
-288
-175
-356
-232
-218
-427
-314
-201
-377
-249
-208
-320
-295
-240
-421
-366
-277
-350
-324
-335
-417
-363
-337
-303
-371
-301
-304
-329
-285
-113
-215
-297
-213
-134
-242
-115
-101
-334
-113
-29
-241
-299
-299
-299
-294
-221
-224
-249
-234
-237
-193
-277
-303
-133
-386
-232
-91
-330
-275
-162
-319
-372
-230
-356
-301
-188
-369
-314
-201
-406
-169
-42
-408
-353
-264
-337
-311
-277
-321
-335
-393
-447
-392
-348
-406
-455
-258
-340
-441
-288
-284
-88
-297
-184
-140
-296
-256
-71
-252
-192
-11
-313
-299
-323
-239
-184
-86
-127
-312
-262
-135
-210
-112
-177
-156
-250
-401
-204
-306
-359
-217
-343
-317
-164
-205
-385
-243
-369
-314
-201
-382
-322
-91
-266
-298
-240
-392
-377
-380
-405
-321
-447
-421
-337
-279
-460
-458
-192
-144
-373
-387
-469
-386
-215
-268
-126
-228
-355
-256
-252
-221
74
-143
-429
-323
-210
-166
-293
-224
-254
-312
-209
-201
-374
-250
-275
-220
-306
-66
-179
-388
-206
-192
-372
-299
-302
-356
-232
-242
-314
-201
-382
-351
-80
-110
-309
-367
-421
-297
-307
-408
-255
-296
-476
-403
-406
-460
-429
-272
-217
-399
-373
-499
-444
-355
-273
-199
-156
-286
-286
-286
-305
-50
-39
-352
-369
-155
-97
-254
-312
-312
-312
-312
-169
-127
-350
-417
-180
-259
-232
-91
-330
-275
-162
-343
-219
-205
-414
-301
-188
-340
-280
-298
-296
-125
-164
-237
-397
-479
-366
-253
-405
-390
-393
-447
-323
-309
-518
-405
-287
-326
-402
-307
-372
-444
-355
-399
-273
-199
-156
-286
-286
-310
-123
33
-254
-357
-435
-279
-254
-312
-312
-312
-312
-312
-238
-150
-197
-182
-251
-427
-259
-306
-359
-217
-319
-372
-230
-332
-385
-243
-369
-245
-250
-278
-197
-193
-226
-270
-455
-450
-308
-410
-394
-351
-481
-476
-334
-460
-405
-292
-375
-385
-442
-469
-386
-331
-483
-399
-297
-115
-101
-286
-286
-281
-65
-124
-312
-341
-301
-209
-228
-257
-312
-312
-312
-336
-154
-111
-262
-290
-215
-223
-162
-364
-290
-247
-401
-219
-205
-414
-232
-218
-398
-280
-195
-166
-354
-379
-295
-397
-479
-297
-283
-492
-310
-296
-505
-323
-333
-405
-292
-473
-373
-177
-348
-528
-386
-512
-388
-374
-268
-126
-228
-286
-286
-212
-95
-182
-312
-405
-198
-194
-239
-384
-312
-312
-312
-307
-165
-198
-305
-177
-234
-178
-73
-304
-151
-192
-372
-230
-332
-385
-243
-345
-329
-281
-195
-254
-442
-368
-325
-479
-366
-253
-434
-379
-266
-447
-392
-279
-431
-347
-473
-442
-216
-260
-499
-375
-385
-457
-344
-525
-175
-240
-341
-286
-286
-212
-71
-242
-427
-422
-378
-341
-353
-497
-312
-312
-312
-238
-195
-325
-222
-145
-417
-247
-147
-370
-344
-319
-303
-260
-414
-232
-218
-403
-329
-188
-309
-367
-442
-368
-325
-450
-308
-410
-463
-321
-447
-392
-279
-436
-420
-377
-502
-355
-315
-475
-528
-386
-483
-399
-525
-470
-204
-229
-214
-286
-286
-188
-184
-315
-318
-244
-270
-325
-258
-315
-312
-312
-312
-238
-195
-349
-122
-25
-248
-193
-134
-236
-250
-401
-219
-229
-301
-188
-345
-427
-245
-186
-214
-185
-466
-284
-270
-381
-338
-468
-394
-351
-476
-334
-436
-518
-336
-346
-373
-177
-348
-557
-375
-385
-388
-398
-470
-357
-273
-199
-156
-286
-286
-241
-158
-172
-299
-225
-206
-223
-184
-384
-312
-312
-336
-154
-164
-236
-118
-133
-288
-204
-301
-217
-319
-372
-230
-327
-243
-345
-403
-398
-280
-293
-32
-283
-492
-295
-421
-297
-283
-468
-394
-351
-407
-364
-518
-405
-316
-384
-216
-260
-499
-444
-355
-399
-368
-412
-381
-454
-273
-199
-156
-286
-310
-197
-84
-265
-239
-86
-98
-249
-396
-442
-312
-336
-223
-110
-286
-118
-67
-190
-193
-203
-206
-192
-401
-219
-229
-232
-242
-343
-288
-214
-142
-209
-277
-313
-102
-270
-450
-308
-410
-492
-310
-320
-323
-309
-489
-347
-468
-271
-260
-499
-444
-355
-399
-368
-412
-357
-509
-494
-273
-199
-156
-286
-305
-55
-186
-270
-305
-279
-185
-244
-411
-497
-312
-307
-165
-291
-162
-75
-287
-204
-149
-301
-217
-343
-288
-199
-243
-212
-256
-270
-421
-263
-120
-98
-182
-279
-309
-421
-297
-307
-408
-324
-290
-334
-279
-460
-336
-346
-344
-212
-415
-389
-355
-399
-368
-436
-297
-399
-359
-424
-273
-199
-156
-310
-123
-41
-395
-170
-140
-101
-257
-243
-342
-394
-252
-123
-80
-205
35
-108
-322
-288
-385
-206
-192
-372
-254
-243
-212
-256
-201
-382
-351
-149
-149
-221
-333
-337
-340
-335
-193
-266
-335
-417
-334
-279
-460
-405
-316
-360
-255
-256
-424
-398
-344
-344
-496
-407
-436
-590
-437
-407
-297
-115
-101
-281
-65
-222
-340
-190
-135
-126
-408
-252
-197
-168
-179
-88
-117
-1943
-3289
-3146
-1776
-637
-287
-217
-343
-219
-200
-243
-316
-340
-413
-411
-264
-219
-237
-421
-366
-322
-449
-375
-332
-417
-363
-337
-279
-460
-405
-292
-444
-384
-299
-225
-399
-413
-495
-441
-370
-229
-424
-496
-476
-421
-268
-126
-252
-152
44
-196
-282
-249
-165
-365
-353
-179
-330
-177
-56
218
-2863
-4502
-2861
-3015
-4437
-4864
-3098
-1070
-367
-115
-119
-242
-274
-244
-229
-227
-110
-99
-294
-366
-277
-350
-353
-279
-236
-337
-348
-430
-376
-350
-292
-473
-397
-186
-129
-214
-344
-525
-470
-450
-395
-336
-438
-407
-451
-420
-199
-180
-197
-79
-94
-254
-336
-154
-140
-370
-379
-322
-296
-331
-82
-2151
-5239
-2208
137
1202
1405
601
-2255
-5447
-4113
-1218
-370
-340
-349
-239
-249
-252
-164
-261
-308
-277
-321
-335
-486
-304
-290
-406
-436
-489
-416
-443
-389
-363
-295
-261
-311
-310
-441
-415
-381
-425
-394
-438
-383
-535
-475
-488
-60
-120
-79
-28
-127
-312
-307
-165
-267
-354
-290
-282
-311
-305
-471
-4357
-3856
-664
-11
737
1976
2691
2320
1861
-1597
-4704
-2537
-525
-341
-408
-421
-282
-286
-404
-363
-405
-321
-423
-476
-334
-460
-434
-379
-281
-346
-418
-374
-456
-230
-226
-399
-496
-505
-424
-370
-394
-438
-383
-564
-464
-361
-344
-198
-149
-91
-224
-278
-252
-99
-116
-409
-449
-324
-256
-222
-186
-1413
-3665
-2004
-413
126
397
388
443
1162
2977
3567
2498
-2778
-4491
-1807
-465
-283
-336
-313
-185
-235
-310
-296
-505
-323
-333
-405
-385
-428
-304
-329
-245
-371
-316
-129
-145
-398
-401
-382
-494
-521
-438
-383
-564
-533
-331
-286
-275
-310
-54
3
-312
-307
-234
-213
-380
-369
-222
-334
-180
-147
64
-1955
-2714
-726
126
-15
119
404
586
129
-336
2912
5147
3118
17
-4062
-5235
-3139
-1166
-558
-348
-275
-321
-423
-476
-358
-347
-316
-360
-374
-549
-283
-214
-370
-336
-311
-286
-496
-436
-356
-424
-496
-407
-480
-478
-331
-286
-299
-317
-305
19
-69
-312
-238
-219
-270
-352
-108
-123
-216
-235
-190
-64
-1440
-2665
-1058
1150
760
360
641
313
83
580
1204
1530
2853
3030
1741
-45
-3190
-5815
-4689
-1548
-319
-375
-421
-268
-304
-371
-360
-329
-402
-371
-240
-493
-398
-344
-368
-441
-346
-382
-449
-438
-407
-451
-489
-458
-286
-299
-288
-459
-37
93
-139
-197
-123
-51
-290
-278
-134
-250
-275
-289
-252
-166
-484
-1617
-2334
-1183
1288
1718
951
522
578
848
789
469
9
565
2024
2748
2249
1459
-1773
-5407
-3643
-841
-403
-406
-362
-372
-360
-457
-442
-371
-358
-541
-468
-471
-496
-505
-424
-325
-311
-407
-451
-420
-488
-344
-275
-372
-445
-605
-96
-75
-361
-306
-232
-120
-349
-332
-220
-223
-125
-235
-321
-317
-193
-174
-1385
-2367
-1646
788
2071
788
850
913
407
82
134
315
149
51
1248
3042
3428
2058
-2841
-3861
-1218
-573
-360
-164
-359
-386
-288
-344
-325
-273
-259
-444
-370
-298
-463
-432
-265
-396
-420
-488
-320
-359
-432
-518
-533
-687
-237
-126
-198
-325
-251
-208
-338
-333
-260
-332
-263
-317
-291
-207
-149
-232
-173
-950
-2202
-1720
-557
1777
2572
1176
272
-170
-384
-71
143
117
174
-124
1625
4818
4572
-66
-4449
-1931
-373
-386
-512
-368
-421
-369
-350
-393
-495
-577
-395
-336
-462
-294
-407
-571
-404
-289
-304
-366
-489
-492
-502
-574
-168
-110
-291
-265
-112
-153
-362
-180
-166
-351
-375
-262
-218
-276
-306
-290
-173
-260
-568
-1646
-2360
-1029
1184
2292
814
-131
-453
-377
-210
99
308
7
196
1395
5357
5506
1000
-4214
-3779
-1262
-429
-329
-411
-423
-343
-411
-512
-428
-394
-438
-378
-393
-601
-433
-276
-486
-501
-586
-503
-472
-516
-461
-237
-291
-236
-192
-250
-304
-249
-136
-293
-351
-346
-204
-306
-388
-304
-151
-94
-344
-376
-415
-922
-1858
-1461
-224
879
673
59
-107
-404
-138
208
518
886
648
1116
3864
4801
2636
-2251
-5627
-3147
-853
-397
-424
-436
-425
-439
-521
-462
-323
-351
-390
-378
-231
-461
-448
-405
-530
-388
-485
-401
-503
-325
-320
-178
-280
-338
-333
-191
-293
-375
-291
-138
-179
-364
-359
-286
-289
-250
-333
-318
-316
-273
-541
-1108
-1916
-1868
290
1280
165
-88
114
110
407
693
755
714
316
2015
4138
3218
1260
-3139
-5613
-2529
-546
-358
-509
-582
-580
-433
-462
-542
-386
-358
-432
-528
-473
-483
-486
-496
-499
-485
-670
-325
-251
-208
-338
-338
-264
-221
-375
-262
-218
-276
-306
-388
-206
-192
-377
-377
-303
-260
-316
-273
-403
-191
-795
-2131
-2213
-641
1470
1053
560
602
526
322
245
233
11
252
504
1978
3730
2850
589
-4232
-6378
-3660
-1356
-647
-427
-339
-481
-508
-431
-605
-574
-618
-587
-631
-600
-644
-613
-686
-713
-349
-167
-153
-338
-338
-264
-221
-346
-204
-306
-364
-364
-359
-217
-319
-377
-401
-219
-205
-316
-273
-427
-245
-88
-462
-1936
-2613
-1394
1402
2535
1440
816
321
-266
-498
-275
111
43
-67
271
2640
3927
2498
324
-3449
-6465
-5849
-2733
-856
-620
-523
-450
-496
-593
-509
-606
-522
-619
-535
-632
-617
-684
-320
-178
-280
-338
-362
-180
-166
-277
-234
-364
-364
-388
-206
-192
-377
-377
-372
-230
-356
-232
-242
-314
-225
-200
-146
-396
-1567
-2606
-1932
624
2490
1893
867
85
-536
-725
-410
-162
33
-280
-95
1160
2938
3493
1986
497
-1350
-5000
-5870
-2552
-716
-480
-646
-618
-520
-552
-617
-644
-546
-602
-583
-555
-251
-208
-338
-362
-249
-136
-317
-193
-179
-364
-364
-359
-217
-319
-377
-377
-303
-260
-385
-243
-340
-256
-353
-269
-302
-409
-143
-754
-2103
-2335
-1257
1728
2489
596
-608
-717
-524
-242
-257
-313
906
1158
304
310
1137
1994
2722
2742
1310
-3506
-7574
-7445
-4725
-2747
-2492
-2524
-1964
-902
-570
-518
-499
-537
-251
-208
-362
-249
-136
-317
-262
-149
-330
-280
-309
-290
-247
-377
-401
-317
-164
-205
-316
-273
-329
-310
-258
-244
-453
-242
-194
-383
-411
-1500
-2532
-1701
801
1830
-36
-844
-806
-805
-532
1039
1892
317
-354
-180
201
465
1669
4398
4087
1043
-431
-1077
-4187
-7724
-8580
-8104
-8331
-8837
-8094
-4513
-1437
-498
-167
-153
-333
-191
-293
-322
-288
-361
-335
-375
-515
-206
-192
-377
-372
-299
-302
-356
-232
-242
-245
-226
-269
-395
-340
-182
-256
-352
-297
-283
-877
-2028
-2473
-741
1774
1028
-692
-843
214
1654
704
-734
-518
8
1116
1833
2341
1581
193
-374
796
2124
1127
-337
-772
-820
-483
-473
-1499
-5446
-8407
-5089
-178
-280
-264
-221
-351
-306
-223
-237
-295
-394
-393
-301
-398
-317
-164
-205
-414
-301
-188
-340
-256
-284
-323
-364
-167
-240
-264
-308
-253
-434
-310
-291
-1956
-3117
-1611
1439
1406
360
1250
1416
-976
-2347
-905
991
1775
1512
1331
339
-357
-1116
-1502
-1041
-226
669
805
600
1080
2246
3203
2980
1871
-4112
-208
-362
-180
-166
-351
-346
-204
-306
-364
-388
-235
-181
-245
-299
-302
-332
-385
-243
-345
-329
-310
-282
-155
-222
-306
-367
-392
-308
-434
-379
-266
-325
-281
-1754
-3278
-2463
681
1520
284
-1163
-3046
-2255
195
1831
1842
970
429
25
-458
-1301
-1283
-876
-539
308
867
738
614
609
463
2597
5003
3984
-177
-249
-136
-293
-351
-277
-234
-364
-388
-275
-231
-289
-245
-260
-390
-390
-316
-273
-403
-329
-257
-324
-387
-281
-270
-479
-297
-283
-463
-321
-447
-328
-97
-319
-2792
-7374
-9825
-7225
-1646
-1425
-910
725
1683
1674
1155
446
165
-309
-650
-1079
-800
-516
-281
516
728
642
1023
1233
971
576
471
3275
-275
-191
-293
-351
-375
-217
-119
-249
-244
-78
-264
-401
-219
-205
-414
-306
-261
-273
-403
-305
-301
-358
-284
-307
-452
-450
-308
-434
-310
-248
76
-1670
-5498
-8144
-8379
-7667
-7688
-3448
16
581
1511
1704
1313
749
119
107
-143
-699
-788
-598
-344
-504
25
1059
909
899
1200
1181
1137
1043
701
561
-240
-305
-406
-303
-106
-1017
-2771
-4240
-4726
-4942
-5339
-5317
-5223
-5277
-4872
-4373
-4015
-3500
-3285
-2919
-2407
-1923
-1579
-1509
-1274
-716
-453
-578
-292
-20
-3992
-7697
-6248
-3936
-2697
-1825
-264
980
1031
1445
1652
1069
582
133
-228
-335
-460
-966
-718
-1
-416
-768
411
670
519
1006
950
837
935
884
527
479
-269
-294
-207
179
-2653
-5442
-4718
-3560
-2731
-2702
-2521
-1948
-1984
-2065
-1990
-2487
-2792
-3138
-3825
-4372
-4762
-5280
-5686
-6137
-6684
-6992
-6424
-4728
-2774
-5858
-9134
-5896
-2889
-662
469
1229
1665
1326
1011
1164
909
439
33
-34
-149
-360
-797
-1193
-249
-290
174
789
-448
-125
997
581
537
688
697
404
61
-86
-338
-264
244
-2419
-5679
-3017
-1228
-783
-180
68
259
301
190
608
920
780
573
324
209
367
334
41
-233
-179
13
-119
-779
-2206
-5304
-8456
-4278
-1395
-399
543
905
1177
1225
1043
916
786
149
-415
-294
103
-130
-1050
-1376
40
233
1223
2045
-41
464
1872
501
459
609
518
270
1
-500
-381
-338
-264
-423
-5004
-4285
-838
-294
-5
571
663
659
576
422
939
1177
727
395
305
190
256
378
183
-98
39
1102
2161
2227
1325
-1496
-1760
-679
-782
65
866
800
684
783
647
681
383
-369
-883
-537
-227
-1721
-1931
-646
-534
124
1483
318
1001
1831
470
236
717
801
377
132
-64
-326
-151
-338
-240
-2032
-4789
-2016
-698
-516
121
722
752
767
616
610
1556
1335
625
366
319
185
222
287
196
206
912
1207
743
415
488
813
464
-469
-551
377
671
536
407
313
396
323
-358
-1011
-1056
-841
-865
-2026
-278
-763
-2085
441
1771
1291
555
13
244
385
499
343
54
67
-14
-163
-98
-338
-317
-2438
-3517
-1053
-628
-442
247
851
937
1083
637
747
1635
937
295
218
339
235
237
299
455
1055
1348
420
-343
-287
758
896
75
-629
-440
42
34
-42
-83
205
344
-327
-1192
-1545
-1503
-1001
-1383
-1939
-917
-2833
408
2754
830
-718
-40
528
663
234
33
-236
-416
-4
-42
-383
21
-278
-189
-2517
-2954
480
2368
2031
2365
2455
2007
1345
418
719
1133
311
51
140
125
160
246
427
400
50
-541
-613
-787
-8
838
248
-363
-796
-501
-238
-442
-461
-285
-196
-1071
-1996
-1839
-1263
30
706
-834
-164
1103
1618
3437
1113
-1623
-930
127
290
180
-110
-97
-373
-428
-170
-269
-273
139
-260
-189
-1540
-2855
-1424
1289
3157
4046
4015
4190
4124
3980
4400
3566
1938
1203
852
461
248
300
610
-257
-1626
-1408
-495
510
1451
725
187
-146
-463
-129
-140
-336
-224
-508
-1752
-3008
-2807
-2130
-2091
-2037
-1442
-1018
-285
1200
3438
1921
-548
-248
722
444
172
-414
-470
-160
202
119
-155
-379
-227
171
-27
-198
-358
-1194
-1535
-1088
-313
-72
-233
-323
-343
200
1498
3056
3927
4058
4372
4212
3676
2644
877
-971
-1012
-411
396
1984
1667
554
213
-96
-209
-353
-589
-497
-822
-1965
-2073
-184
1964
2358
1911
932
822
1474
2343
2934
1383
-495
-435
236
115
-82
-336
-546
-616
-314
123
82
-31
-476
-436
445
-316
-294
-99
-124
-197
-328
-397
-519
-539
-773
-949
-1154
-1170
-562
-327
-152
133
293
851
1958
259
-1003
-225
520
1191
1304
344
14
-59
-185
-420
-578
-726
-1395
-2272
-1240
898
2455
2886
2255
2410
3077
2810
2534
3020
4027
3149
599
-819
-89
256
430
45
-177
-417
-20
45
-118
-315
-641
-206
648
-457
-343
-137
-177
-247
-308
-338
-346
-190
-276
-305
-370
-402
-372
-495
-645
-838
-1035
-1395
-2509
-1427
1203
1171
1037
996
733
584
764
717
217
-599
-839
-747
-517
570
1826
2293
2050
844
459
1195
1581
1729
2235
1816
1479
3239
2870
930
299
330
506
628
208
-32
95
-91
-174
-231
-342
373
174
-498
-341
-387
-278
-192
-377
-401
-214
-58
-345
-334
-335
-428
-373
-383
-484
-400
-313
-879
-3167
-3592
-1369
2807
5053
3878
2580
2376
2352
2088
1333
659
883
1105
1540
2228
1892
1249
154
-306
974
2053
2369
3798
4053
923
-1550
581
2823
2726
951
413
457
522
280
165
-5
-176
-220
-413
-175
74
-509
-267
-259
-525
-263
-264
-401
-312
-17
-160
-403
-403
-358
-275
-220
-372
-333
-444
-376
-473
-675
-2536
-3241
-1574
708
28
912
1095
931
891
929
1365
1893
1982
1599
405
83
978
1462
2514
3522
3312
4692
5138
1789
-1469
-2584
-1510
2171
3282
1297
243
153
198
225
253
193
228
-82
-344
-300
-380
200
-208
-190
-300
-328
-365
-317
-201
-269
-400
-403
-403
-374
-340
-413
-318
-388
-557
-357
-331
-327
-453
-975
-1694
-2930
-3473
-331
43
437
545
436
389
-28
-775
-1427
-799
1748
2598
2305
2473
2014
1850
3719
1601
-2508
-3990
-3125
-2002
924
3394
3088
749
-509
-194
344
404
383
179
-27
-187
-579
-127
554
-277
-160
-149
-389
-573
-406
-251
-461
-470
-458
-403
-334
-359
-344
-347
-446
-400
-299
-360
-385
-296
-256
-970
-3052
-3391
-428
-19
460
221
-376
-1507
-2886
-2167
83
2470
3023
1598
1012
1005
422
1385
1615
-1546
-3561
-3919
-2922
-1948
-730
1928
3699
2918
818
-1163
-795
62
301
-7
-51
-234
-165
272
184
-277
-160
-154
-422
-520
-366
-338
-322
-274
-331
-403
-403
-329
-286
-416
-416
-342
-299
-429
-355
-214
-409
-781
-3221
-2344
640
528
189
-408
-1482
-2552
-1205
1625
2781
2771
1559
448
255
222
-274
521
925
-620
-1991
-3341
-3304
-991
-35
352
2484
3169
2812
2053
-939
-1872
-562
-415
-270
-142
70
38
102
-277
-160
-252
-450
-305
-377
-377
-303
-186
-273
-403
-403
-329
-286
-416
-416
-318
-383
-508
-271
-212
-314
-230
-2425
-3127
-484
2587
1715
46
-1017
-1230
680
2019
1971
1147
578
237
79
36
-463
-625
-546
-990
-2266
-4634
-3419
603
954
-18
1336
1933
2054
2827
3514
754
-2274
-1712
-666
-268
-293
-139
-9
-253
-220
-460
-451
-331
-432
-377
-303
-186
-273
-403
-403
-329
-286
-416
-416
-371
-288
-273
-366
-434
-295
-328
-658
-2508
-2657
-679
1722
3586
1907
880
1325
1161
722
357
255
31
-232
-696
-1449
-1123
-751
-2387
-4203
-3742
-93
2002
1351
772
321
2119
1833
633
2907
4630
2823
-1188
-1506
-672
-440
-264
-175
-306
-154
-267
-353
-296
-389
-432
-303
-186
-273
-403
-403
-329
-286
-416
-416
-411
-269
-302
-385
-296
-301
-539
-367
-501
-1625
-2132
-1555
-542
-1612
177
748
649
183
-330
-515
-408
-439
-639
-854
-1863
-3712
-4079
-2530
-646
2335
2601
1457
1598
180
1386
2845
1683
-460
2036
3985
3481
865
-602
-334
-879
-1500
-322
-288
-361
-364
-295
-320
-305
-303
-186
-273
-403
-403
-329
-286
-416
-416
-342
-299
-429
-355
-238
-330
-528
-285
-324
-392
-641
-1242
-2945
-4130
-563
116
254
-265
-864
-1108
-1104
-290
-1698
-4317
-4566
-2514
-292
259
738
3414
2529
1712
1933
971
703
2761
3037
705
-588
787
3427
3994
2076
20
1036
1737
-143
-252
-316
-280
-333
-206
-192
-303
-186
-273
-403
-403
-329
-286
-416
-416
-342
-299
-429
-355
-214
-483
-553
-256
-342
-283
-341
-766
-3139
-3553
-268
-437
-222
-645
-1173
-1302
-478
-1076
-3816
-2939
-418
1579
1790
504
801
3679
2244
1445
1958
2160
495
1329
3242
2923
136
-566
353
2355
3284
2353
469
307
-374
-289
-90
-236
-407
-301
-374
-303
-186
-273
-403
-403
-329
-286
-416
-416
-342
-299
-453
-271
-188
-472
-426
-325
-381
-264
-282
-477
-3294
-2539
432
292
-295
-726
-1035
-340
123
-4683
-4997
-365
2120
2735
1817
182
904
3985
1898
1018
2084
2525
885
104
1761
3262
1893
311
253
386
1275
3146
2865
849
-433
-329
-159
-417
-365
-181
-250
-327
-102
-218
-403
-403
-329
-286
-416
-416
-342
-299
-400
-366
-439
-442
-368
-325
-381
-264
-351
-338
-1965
-3192
-1436
2380
2357
606
476
322
-3006
-4630
-621
652
2728
2702
1610
130
1155
3746
1515
906
1533
2135
1738
147
413
1802
2793
1679
415
271
598
-38
1183
2393
-364
-290
-247
-446
-416
-289
-319
-298
-113
-345
-403
-403
-329
-286
-416
-416
-342
-299
-360
-385
-370
-442
-368
-325
-405
-180
-320
-323
-349
-2190
-2697
-1766
215
2803
2656
357
-1457
143
889
756
3259
2306
1383
-134
1217
3523
1777
800
652
1843
1874
446
287
117
1758
3013
1330
70
1153
1059
-537
-23
-388
-206
-168
-437
-516
-432
-377
-229
-143
-403
-403
-403
-329
-286
-416
-416
-318
-383
-508
-271
-257
-442
-368
-325
-352
-275
-449
-418
-422
-352
-896
-2486
-2995
-1692
531
2008
1838
1201
323
887
3666
2086
1520
-353
1220
3766
2148
299
-5
1323
1544
99
1209
143
-153
1604
2457
1112
437
1338
1584
-55
3579
3577
3696
3696
3696
3696
3649
3603
3805
3992
3931
3929
4048
4048
4048
4175
4281
4149
4232
4457
4433
4409
4663
4754
4732
4833
4870
4793
4876
5062
4987
4985
5231
5271
5228
5414
5339
5337
5583
5623
5580
5827
5989
6114
6192
6158
6108
6294
6327
6411
6576
6545
6568
6713
6752
6721
6763
6989
7153
7213
7207
7263
3602
3703
3823
3929
3844
3865
3755
3753
4126
4145
4038
4055
4048
4048
4048
4109
4238
4298
4292
4414
4474
4360
4523
4704
4665
4994
4986
4883
5062
5095
5052
5111
5165
5186
5414
5447
5404
5590
5623
5580
5893
5858
5813
6118
6151
6235
6400
6369
6411
6510
6568
6586
6646
6679
6744
6762
6883
6937
7230
7455
7323
7298
3577
3823
3863
3928
4120
4031
3820
4006
4100
4125
4223
4048
4175
4281
4323
4149
4105
4224
4304
4472
4675
4501
4584
4508
4527
4771
4834
4935
4989
5010
5238
5337
5205
5161
5341
5362
5590
5623
5580
5766
5860
5965
6231
6193
6108
6228
6350
6410
6404
6418
6646
6745
6721
6636
6822
7048
6956
6996
7214
7272
7417
7390
3703
3757
3778
3879
3980
3939
4006
4166
4055
4159
4209
4175
4215
4280
4406
4298
4231
4224
4111
4323
4716
4650
4644
4724
4863
4685
4809
5055
4987
4985
5165
5294
5354
5414
5339
5464
5623
5580
5766
5926
5942
6039
6216
6234
6294
6219
6344
6569
6437
6393
6573
6702
6762
6822
6982
7087
7062
7115
7122
7350
7383
7467
3696
3649
3711
3872
3872
3872
4060
4121
4179
4405
4442
4257
4172
4231
4224
4224
4224
4224
4069
3998
4302
4661
4635
4868
4986
4883
5062
5095
5052
5238
5163
5161
5407
5447
5404
5524
5665
5872
5968
5923
6000
6073
6167
6287
6327
6284
6404
6526
6586
6646
6571
6569
6815
6855
6873
7080
7280
7141
7224
7383
7467
7566
3696
3649
3711
3872
3872
3999
3992
4011
4231
4205
4293
4256
4231
4224
4224
4224
4224
4224
4177
4258
4392
4384
4425
4672
4792
4935
4989
5010
5111
5165
5186
5287
5341
5362
5590
5515
5701
6055
6091
6066
6050
6041
6160
6221
6242
6343
6289
6351
6512
6573
6594
6822
6855
6812
6824
6940
7230
7417
7390
7340
7460
7474
3823
3755
3753
3872
3872
3933
3907
4070
4224
4290
4201
4225
4330
4266
4224
4224
4224
4351
4283
4215
4376
4560
4507
4450
4599
4928
4881
4943
5231
5163
5161
5407
5339
5337
5517
5665
5759
5879
6058
6052
6066
6167
6287
6219
6217
6463
6395
6393
6639
6571
6696
6855
6812
6998
7050
6980
7097
7277
7298
7526
7451
7449
3757
3778
3879
3872
3872
3825
3840
4063
4224
4459
4397
4334
4353
4392
4224
4224
4224
4285
4306
4299
4413
4575
4874
4756
4775
5161
5029
4985
5165
5186
5287
5341
5362
5463
5409
5532
5667
5830
5984
5937
5999
6287
6327
6284
6470
6503
6460
6646
6679
6636
6756
6770
6998
7158
7155
7171
7350
7275
7400
7559
7516
7702
3522
3605
3830
3872
3872
3825
3713
3830
3949
4010
4205
4176
4180
4343
4224
4224
4224
4177
4239
4400
4287
4391
4825
4772
4708
5012
5136
5111
5057
5119
5407
5339
5337
5456
5409
5297
5494
5781
5984
5937
5999
6221
6242
6343
6397
6418
6646
6679
6636
6695
6641
6703
6925
7007
7129
7223
7277
7298
7460
7474
7702
7735
3588
3582
3704
3872
3872
3698
3673
3831
3866
3819
3989
4236
4263
4259
4224
4224
4224
4177
4239
4527
4478
4449
4753
4811
4828
4920
4978
5231
5163
5288
5447
5404
5463
5583
5515
5532
5577
5697
6111
6043
6041
6113
6175
6336
6289
6351
6573
6594
6695
6815
6747
6872
7050
6980
7097
7343
7275
7400
7451
7576
7735
7692
3696
3649
3711
3872
3872
3891
3864
3922
4048
4001
4190
4391
4395
4392
4224
4224
4351
4283
4408
4567
4585
4665
4820
4834
4996
5010
5111
5165
5186
5348
5362
5463
5456
5517
5665
5933
5688
5766
6003
6066
6294
6219
6217
6336
6289
6351
6465
6527
6815
6855
6939
7165
7155
7171
7350
7383
7467
7566
7643
7742
7819
7984
3696
3649
3711
3872
3999
4039
3996
4182
4281
4149
4039
4200
4412
4385
4224
4351
4391
4348
4595
4715
4684
4760
4811
4936
4987
4985
5231
5163
5288
5339
5464
5689
5731
5684
5680
5817
6090
6201
5959
6041
6221
6242
6343
6463
6395
6520
6571
6569
6749
6770
7059
7113
7171
7350
7383
7467
7566
7643
7742
7692
7812
7934
3696
3649
3711
3872
4060
4060
4097
3982
4132
4256
4123
3983
4173
4343
4224
4285
4306
4534
4520
4647
4953
4926
4876
4996
5010
5238
5271
5355
5454
5531
5630
5688
5941
6000
6123
6149
6182
6283
6241
6294
6219
6344
6569
6545
6587
6686
6636
6822
6747
6872
6984
7130
7456
7425
7467
7566
7643
7869
7925
8026
7845
7928
3696
3649
3711
3999
3992
4058
4343
4173
4209
4204
4266
4116
4157
4344
4457
4452
4514
4736
4583
4640
4686
4728
5020
4987
4985
5165
5313
5454
5531
5630
5580
5766
5926
6050
6214
6290
6368
6400
6435
6496
6517
6552
6568
6713
6686
6636
6822
6855
6939
7038
7068
7229
7575
7699
7608
7516
7636
7711
7941
8229
8227
8263
3823
3755
3753
3933
3907
4244
4376
4407
4465
4402
4519
4457
4499
4433
4456
3773
913
-1514
-1491
955
3252
4386
4821
5010
5238
5163
5222
5362
5397
5432
5597
5693
5775
5958
6073
6294
6327
6392
6518
6471
6533
6713
6752
6721
6636
6822
6855
6812
6932
7073
7167
7306
7566
7624
7769
7808
7796
7684
7928
8087
8279
8337
3757
3778
4006
4058
3988
4213
4291
4292
4306
4581
4552
4456
4709
4707
4174
28
-3690
-7714
-12020
-13011
-9646
-3448
1787
4418
5356
5461
5388
5464
5581
5617
5739
5860
5875
5924
6168
6327
6411
6576
6611
6564
6626
6721
6744
6889
6928
6897
6812
6998
7177
7321
7392
7447
7516
7702
7735
7927
7985
8002
8094
8171
8270
8347
3649
3838
4039
4057
4137
4231
4351
4283
4281
4381
4361
4365
4334
4484
2821
888
-1092
-5467
-8286
-11575
-14838
-16644
-14288
-6277
1240
4699
5488
5524
5773
5873
5998
6049
6000
6200
6334
6411
6510
6568
6821
6753
6751
6762
6695
6749
6878
7065
7104
7073
7110
7446
7640
7650
7808
7777
7819
7918
7995
8094
8044
8164
8305
8573
3797
3941
4187
4156
4105
4224
4285
4306
4407
4466
4250
4168
4250
4413
3528
4345
2173
-652
-1569
-2775
-5423
-9227
-13669
-18807
-15232
-3734
3436
5114
5299
5566
5834
5890
5817
5954
6200
6404
6418
6519
6573
6594
6822
6921
6963
6789
6872
7031
7096
7241
7059
7173
7474
7636
7885
8051
7960
7995
8094
8044
8230
8282
8447
8690
3946
3893
4077
4298
4358
4457
4325
4154
4294
4466
4533
4384
4401
4647
6070
6392
2885
476
-729
-1617
-1998
-2147
-3516
-8349
-15577
-18444
-9802
-117
3950
5224
5593
5950
6109
5971
6176
6395
6393
6639
6571
6696
6855
7047
7279
7213
7207
7221
7449
7482
7392
7339
7576
7627
7686
7934
8121
8094
8044
8230
8390
8514
8697
8746
3999
3884
3944
4224
4285
4414
4347
4367
4335
4401
4741
4742
4743
4517
7667
9080
5093
1263
-192
-910
-1437
-1770
-1554
-730
-4366
-10937
-15993
-16145
-9782
-2393
2540
4999
5984
6145
6243
6418
6519
6573
6721
6862
6939
7038
7096
7476
7514
7554
7607
7649
7640
7523
7636
7777
7810
7928
8087
8171
8336
8432
8514
8697
8873
8988
4060
4013
4112
4224
4177
4366
4572
4654
4574
4616
4759
4864
4753
4557
6571
10713
10706
5500
1590
10
-931
-993
-360
-97
-457
-1786
-6083
-11709
-16145
-17744
-14526
-6688
1123
4957
6086
6478
6745
6613
6630
6897
7038
7115
7280
7310
7354
7708
7699
7608
7643
7808
7669
7686
7953
8094
8171
8270
8455
8640
8697
8873
8922
9039
4203
4244
4506
4499
4452
4448
4806
4802
4639
4650
4644
4832
4803
4633
5029
7363
11444
12613
7789
2962
843
6
-14
326
213
-414
-1024
-2439
-5766
-10548
-15558
-19871
-17350
-6100
2948
6034
6702
6762
6648
6764
6946
7108
7230
7243
7238
7453
7582
7642
7636
7885
8051
7979
7968
8171
8270
8347
8573
8690
8746
8816
8889
8983
4283
4196
4540
4582
4535
4489
4691
4770
4816
4851
4677
4741
4819
4886
4811
4870
6907
10772
13266
10152
4605
1726
498
644
965
869
37
-1183
-1878
-2303
-4520
-9705
-17267
-21869
-12064
829
5833
6773
6874
6804
7048
7226
7330
7444
7633
7726
7724
7843
7796
7792
8103
8288
8284
8312
8347
8573
8563
8640
8713
8760
8815
9103
4310
4223
4274
4400
4353
4415
4576
4637
4766
4934
4826
4886
4985
4961
4876
4888
4896
6199
9407
12256
12494
7492
2773
1680
1443
1099
792
-105
-1208
-1956
-2397
-2301
-5134
-13133
-20988
-15402
-1021
5383
6662
6847
7066
7183
7540
7633
7692
7832
7933
8053
7985
8002
8221
8211
8335
8600
8679
8732
8812
8732
8808
8859
8984
9143
4433
4348
4534
4633
4501
4457
4703
4635
4633
4752
4879
4919
4984
5002
4935
4881
4896
5119
5538
7683
11241
12851
10020
5286
2773
1288
549
126
-278
-995
-1587
-1357
-1090
-2299
-9804
-18565
-17917
-6160
3032
6098
6783
7008
7292
7601
7634
7752
7977
7953
7995
8094
8105
8185
8533
8606
8628
8766
8821
9001
8974
9051
9150
9100
4474
4534
4567
4632
4650
4710
4743
4700
4759
4752
4813
4834
4935
5055
5161
5029
4811
5013
5130
5274
6327
8898
11345
11599
7826
3694
1339
61
-270
-347
-129
-38
-225
-207
-1236
-6836
-14928
-19429
-14125
-3000
3967
6566
7142
7468
7777
7918
7976
8121
8221
8277
8331
8513
8648
8647
8871
8852
8914
9136
9157
9319
9333
9434
4400
4461
4482
4583
4576
4637
4658
4759
4879
4985
4853
4809
4928
4989
5118
5178
5003
4990
5112
5233
5295
5672
6815
10034
12988
10018
4557
1466
-100
-611
-88
659
1113
764
-133
-730
-4070
-10380
-16340
-19424
-12551
-992
5227
7256
7559
7720
7885
7981
8063
8293
8534
8636
8773
8805
8983
9041
9166
9217
9342
9393
9391
9510
4400
4353
4415
4576
4576
4529
4591
4879
4919
4984
5002
4935
5055
4987
4985
5104
5104
5057
5119
5233
5295
5456
5193
6088
9367
13176
12433
6465
1962
-10
-534
-67
1114
1626
905
-181
-1408
-2453
-5708
-12205
-18583
-20042
-12184
-1741
4395
6914
7795
7979
7930
8111
8159
8263
8523
8600
8699
8776
8875
8952
9051
9128
9293
9455
4527
4459
4457
4576
4576
4529
4591
4813
4834
4935
4928
4928
4989
5010
5111
5104
5231
5163
5161
5233
5295
5583
5515
5358
5857
8609
12919
14625
9878
3754
614
-563
-87
1043
1364
424
-1149
-2213
-2643
-3444
-7923
-14223
-18853
-19669
-14593
-6696
998
5853
7571
7963
8075
8173
8348
8510
8524
8686
8700
8862
8876
9038
9160
9389
4461
4482
4583
4576
4703
4635
4633
4705
4767
4928
4928
5055
4987
4985
5104
5104
5165
5186
5414
5339
5464
5623
5707
5698
5515
5717
7665
11746
15100
12907
6463
1531
-22
395
810
471
-579
-1826
-2927
-3038
-2877
-3946
-7634
-12918
-16803
-19012
-18479
-10252
516
6024
7720
8007
8315
8535
8639
8626
8709
8887
8991
9105
9294
9514
4353
4415
4576
4703
4743
4700
4886
4811
4809
4928
4928
4989
5010
5111
5104
5104
5057
5119
5341
5362
5524
5538
5700
5714
5707
5821
5767
6664
9514
13319
14613
9267
3001
825
739
383
-326
-1621
-2517
-2132
-2423
-3114
-3788
-4966
-6971
-9786
-13610
-17212
-17543
-13418
-8132
-2710
1616
3546
4387
5605
7356
8467
9118
9211
9270
9471
4353
4415
4703
4743
4700
4886
4919
4876
5062
5034
4970
4881
4943
5104
5231
5337
5205
5161
5233
5295
5409
5598
5691
5689
5935
5801
5841
6017
6046
7896
11603
14533
11317
4253
817
-78
-623
-1047
-765
-883
-1604
-2434
-4022
-4800
-4702
-3713
-3338
-6516
-10844
-14418
-18623
-21888
-20703
-17356
-15816
-15709
-14219
-9138
-1050
5522
8616
9296
4459
4457
4637
4658
4759
4686
4728
4893
4862
4951
5181
4987
4985
5104
5165
5294
5354
5414
5339
5464
5515
5574
5714
5942
5975
5951
5983
6161
6219
6217
7045
9863
14371
13897
6375
747
-757
-736
-524
-588
-239
-1356
-3287
-3414
-2740
-2139
-2466
-2391
-1998
-2594
-6409
-12987
-18106
-20277
-20661
-20901
-22431
-24181
-24864
-18486
-4970
5017
4482
4583
4529
4591
4752
4771
4744
4802
4820
4861
4855
4904
5196
5337
5205
5161
5407
5447
5404
5524
5538
5592
5774
6102
6165
6200
6235
6334
6284
6470
6395
6454
9181
14494
16206
9463
2428
-158
-1176
-2025
-1478
-1203
-2038
-2697
-2367
-1970
-2550
-2719
-2650
-2461
-2781
-3816
-5563
-7458
-8386
-8699
-9758
-12585
-17322
-23564
-27849
-19334
4415
4703
4635
4633
4752
4813
4834
4935
4928
5055
5053
4962
5039
5294
5354
5287
5341
5362
5463
5409
5598
5818
5856
5993
6181
6234
6228
6242
6470
6503
6460
6345
6139
8427
13750
17149
10085
165
-4554
-5049
-3426
-2188
-1809
-2048
-2419
-2510
-2684
-3282
-3663
-3221
-3488
-4275
-5084
-6084
-6852
-7239
-7444
-7267
-6505
-9338
-16625
-24609
4584
4743
4700
4759
4752
4705
4767
4928
5055
5095
5160
5178
5064
5119
5280
5280
5233
5295
5456
5409
5405
5542
5876
6008
6041
6287
6219
6217
6397
6418
6646
6510
5189
1741
-1488
-914
1706
-698
-5926
-5227
-3316
-2031
-1281
-1129
-1481
-2098
-2734
-3326
-3975
-3641
-3442
-3861
-4733
-5627
-5769
-5794
-6156
-6506
-6414
-5873
-5614
-9941
4644
4658
4759
4752
4879
4938
5042
5203
5264
5158
5153
5231
5163
5161
5407
5386
5275
5295
5456
5282
5257
5368
5460
5792
6125
6221
6242
6470
6395
6139
2551
-3862
-8965
-11265
-12528
-12392
-8252
-5743
-4254
-2697
-1930
-1367
-1177
-1055
-948
-1891
-2815
-3478
-4094
-4007
-3464
-2932
-3407
-4457
-4506
-4545
-4742
-4899
-5087
-5185
-5122
-5280
4402
4485
4710
4498
2442
-801
-3595
-5082
-5931
-6353
-6511
-6660
-6385
-5437
-4388
-3284
-2361
-1600
-614
357
1261
2012
2637
3658
4957
5670
5900
6122
5381
25
-4772
-7852
-11617
-13202
-11625
-8450
-5810
-3993
-2473
-2004
-1912
-1830
-1815
-1631
-1374
-1752
-2941
-3706
-4446
-5189
-4349
-2747
-3122
-3557
-3528
-3864
-4030
-4079
-4253
-4419
-4765
-5563
4468
4462
4203
121
-4405
-7444
-10211
-12311
-13639
-13656
-13535
-13933
-14046
-13893
-13517
-12762
-12586
-12734
-12874
-13053
-12950
-12751
-12917
-13003
-11895
-8919
-4882
-1785
-3511
-4515
-4700
-6176
-5601
-5012
-4561
-4669
-4705
-4070
-3184
-2638
-2281
-2308
-2248
-1876
-1508
-1882
-2950
-3915
-5385
-5054
-4461
-5026
-3836
-3316
-3917
-3817
-3882
-4135
-4476
-4724
-5205
-6009
4576
4529
1868
-436
-2362
-6151
-7203
-7256
-7400
-7189
-7049
-7055
-7153
-7391
-7431
-7636
-8296
-9075
-10070
-11511
-12760
-13656
-14540
-15707
-16975
-17597
-17120
-15336
-10198
-4358
-4188
-4150
-4590
-5009
-4815
-4878
-4960
-4640
-4300
-3988
-3544
-3124
-2843
-2546
-2306
-1763
-1112
-2749
-2735
-3356
-4516
-2750
-2902
-3799
-3205
-3744
-4099
-4492
-4999
-5538
-5773
-6441
4576
4529
2877
2862
535
-1680
-2558
-3485
-4093
-4044
-3987
-4099
-4006
-3778
-3157
-2604
-2567
-2769
-2937
-3445
-4190
-4776
-5109
-4909
-5260
-7060
-9431
-10803
-7959
-4802
-3625
-3561
-4405
-5115
-5232
-5328
-5599
-5454
-5445
-5531
-5551
-5486
-5404
-5805
-4454
-2618
-1959
-1058
-1836
-2322
-595
-1396
-2414
-1939
-2314
-2902
-3545
-4198
-4929
-5411
-5872
-6459
4576
4402
5261
4627
-28
-1677
-2170
-2883
-3361
-3325
-3203
-3049
-2958
-3135
-2465
-2052
-2180
-2459
-2717
-3184
-3711
-4071
-4185
-4557
-4419
-4195
-4492
-4560
-4303
-3984
-3537
-3676
-4553
-5216
-5806
-6294
-6530
-6756
-7111
-7398
-7820
-8682
-8901
-8586
-7217
-6967
-5183
-2676
-1137
-806
-1483
-1510
-1607
-1913
-1900
-2276
-2636
-3280
-4203
-4798
-5441
-6051
4576
4722
7260
5999
358
-1822
-1932
-2166
-2267
-2040
-2190
-2147
-2421
-2674
-1937
-1537
-1511
-1724
-1915
-2140
-2132
-1995
-3078
-4928
-5666
-5401
-4820
-4998
-4846
-4332
-4109
-4604
-5323
-5907
-6521
-6908
-7519
-8449
-9233
-9932
-10750
-11696
-12574
-12279
-12707
-12226
-5947
-3444
-2947
-1335
-744
-1455
-1465
-1737
-2173
-2731
-2786
-2818
-3747
-4565
-5080
-5817
4809
4846
9041
11886
8159
3816
2595
1885
1076
28
-985
-1643
-2871
-3103
-2054
-1665
-1483
-1204
-1247
-1496
-1978
-2796
-4142
-5938
-7562
-7076
-6234
-5932
-5536
-5364
-5289
-5932
-6682
-7196
-7838
-8782
-10319
-11509
-11663
-11252
-10285
-11175
-13356
-12374
-12824
-11688
-8068
-6347
-4519
-3077
-2531
-1688
-1247
-1435
-2212
-3227
-3387
-3224
-3531
-4112
-5005
-5799
4766
4779
7019
11650
14352
13955
12642
11924
11840
10964
9612
7460
3542
873
218
-274
-793
-867
-845
-1203
-2892
-4842
-5745
-6594
-7219
-7339
-7158
-6214
-5917
-5720
-5640
-6279
-6985
-7875
-9646
-12419
-15023
-16565
-17111
-16559
-15124
-13050
-12798
-12978
-12406
-11204
-9897
-7039
-4594
-3763
-3504
-2797
-2276
-1602
-1700
-2315
-3048
-3333
-3440
-3768
-4689
-5512
4781
4620
4703
6267
8430
10210
10921
11348
12086
13083
14224
15035
14616
12990
11677
10859
9510
7756
5187
1777
-1177
-3322
-5229
-5563
-5301
-6179
-6251
-5914
-5720
-5542
-5991
-6651
-7230
-8698
-10848
-12093
-12231
-12709
-13925
-14695
-15138
-13792
-11943
-11599
-13855
-17193
-14960
-8989
-5513
-4845
-4481
-4055
-3162
-2400
-1922
-1982
-2317
-2718
-3342
-3698
-4066
-4890
5183
5045
4678
4580
4653
4681
4697
4884
5248
6021
7047
8686
10472
11619
12679
13312
13722
14266
14078
9566
4016
-319
-3102
-4425
-5452
-6296
-6411
-6536
-6396
-6261
-6662
-7753
-9171
-9892
-8734
-7446
-6434
-5740
-6061
-6382
-6781
-7067
-6339
-5750
-7315
-13857
-18917
-15403
-9037
-6135
-5229
-5020
-4193
-3191
-2370
-2383
-2475
-2766
-3249
-3566
-4150
-5285
5163
5336
5150
4930
4943
4996
4929
5002
5104
5330
5282
5365
5482
5518
5856
6374
7189
8569
10918
15016
13250
5458
-461
-3583
-4994
-5542
-5761
-6080
-6417
-6785
-7119
-7599
-7408
-6548
-6011
-5347
-5130
-5777
-6156
-6630
-6767
-5672
-3649
-2413
-2424
-5766
-14377
-17846
-13186
-7740
-5053
-4209
-4075
-3392
-2764
-2594
-2362
-2423
-2780
-3263
-4627
-5304
4841
5076
5352
5155
4985
5104
5231
5224
5243
5463
5348
5215
5358
5416
5541
5766
5742
5591
6406
10790
16583
18055
13098
6238
1842
41
-560
-1166
-2119
-2869
-3375
-3850
-3591
-3285
-4241
-5699
-7073
-7212
-6623
-6689
-6255
-3591
-1157
-1070
-1607
-3046
-9228
-15998
-16030
-10420
-6266
-4470
-3920
-3542
-3259
-2917
-2610
-2389
-2254
-3186
-4461
-4582
4457
4669
5297
5277
5153
5231
5398
5287
5344
5456
5456
5475
5448
5398
5518
5513
5594
5483
5620
6175
9792
14917
17463
13940
8384
3497
2239
2165
2520
2701
2007
482
-1407
-3616
-4611
-4405
-3759
-2590
-1857
-1840
-689
-132
490
1027
-1235
-3984
-6848
-14047
-18352
-14850
-9242
-5847
-4402
-3748
-3250
-2833
-2804
-2636
-2494
-2910
-3275
-4026
4597
4653
4997
5360
5378
5207
5120
5263
5421
5456
5456
5390
5432
5597
5458
5480
5637
5640
5634
5609
5828
6898
8876
10046
7001
1775
1209
1402
2176
2547
1301
-1267
-3706
-3946
-2471
-1506
-53
794
541
84
-855
-2708
-2447
-1420
-2384
-5202
-6452
-10076
-16687
-19165
-14856
-9154
-5526
-3967
-3133
-2696
-2479
-2578
-2651
-2312
-2660
-3474
4705
4720
4769
4994
5246
5056
4778
4891
5140
5414
5456
5348
5342
5464
5524
5565
5578
5647
5700
5694
5769
5891
7024
9266
6806
1489
289
-45
-164
-1102
-3004
-3848
-3326
-2198
-1759
-1178
-325
-684
-1538
-2090
-5275
-7782
-6342
-4984
-5198
-7493
-8586
-7864
-11479
-16987
-18482
-16097
-10729
-6078
-3764
-2932
-2493
-2543
-2279
-2229
-2663
-3071
4705
4720
4708
4823
4988
4989
4929
4875
4998
5288
5456
5456
5409
5471
5632
5632
5585
5647
5808
5761
5649
5893
6611
11456
10561
3597
-320
-1645
-2264
-2234
-1020
-745
-1064
-772
-1379
-1912
-1933
-2143
-2424
-2403
-4252
-6565
-7149
-7348
-7883
-9065
-10708
-9299
-8182
-12329
-15151
-16294
-18285
-14488
-8073
-4581
-3157
-2739
-2378
-2263
-2227
-2500
4705
4720
4882
4975
4936
5104
5104
5057
5072
5295
5456
5456
5409
5471
5632
5632
5458
5541
5893
5867
5884
5976
5860
9376
14121
12425
5245
759
-873
-568
618
828
514
-307
-1020
-1762
-2151
-2358
-2808
-3270
-4403
-5701
-7558
-10263
-10746
-10623
-11699
-10523
-7924
-9441
-12316
-11553
-12371
-18413
-18211
-11113
-6195
-4371
-3551
-2775
-2306
-1979
4578
4487
4842
4873
4837
5062
5104
5057
5072
5295
5456
5456
5409
5471
5632
5632
5651
5624
5616
5784
6010
6066
6059
6412
10066
14389
15601
13146
7280
3146
908
-184
-228
51
-321
-1436
-2653
-3787
-4609
-4810
-5982
-8744
-10665
-11198
-11728
-12229
-11514
-10627
-8935
-7103
-10889
-11470
-6650
-7314
-14882
-18489
-13436
-8404
-5832
-4462
-3386
-2567
4771
4636
4735
4813
4687
4830
5062
5057
5072
5295
5456
5456
5409
5471
5632
5632
5693
5714
5707
5694
5769
5872
6054
5963
6385
8658
11908
14333
12529
7687
1882
97
-514
-486
-625
-1399
-2702
-4051
-5461
-8200
-11026
-11091
-10144
-10123
-10549
-11234
-10016
-9630
-9378
-6222
-7383
-11523
-9787
-3219
-3616
-9851
-15381
-13723
-9608
-8308
-7979
-7033
4686
4728
4893
4928
4820
4814
4936
5057
5072
5295
5456
5456
5409
5471
5632
5632
5585
5647
5808
5761
5776
5938
6031
5818
5895
6029
6595
7931
9354
7170
1648
-64
-1244
-1581
-1864
-2393
-2713
-5980
-10464
-12324
-11880
-10668
-9072
-7862
-8426
-9663
-7524
-7991
-8750
-6133
-4281
-8459
-11646
-7977
-2263
-1193
-5481
-10803
-11049
-7117
-6037
-7666
4792
4680
4887
5034
5097
4987
4985
5057
5072
5295
5456
5456
5409
5471
5632
5632
5585
5647
5808
5761
5649
5940
6056
5891
5938
5946
6103
6931
9986
7814
1577
-353
-1786
-2620
-2951
-2884
-4159
-6477
-8888
-11549
-10965
-8756
-7034
-6196
-6980
-8088
-5321
-5386
-7115
-6334
-2845
-3595
-8492
-10794
-6583
-2204
-535
-2263
-5627
-6873
-3605
-808
5176
5106
4976
5099
5030
4904
5069
5057
5072
5295
5456
5456
5409
5471
5632
5632
5585
5647
5935
5867
5757
5917
5930
5999
6113
6128
6243
6440
11499
11857
5421
520
-1544
-2610
-2760
-3543
-6677
-5709
-5914
-8120
-8613
-7576
-6219
-5316
-6190
-7079
-3598
-2778
-5336
-5922
-3368
-1396
-3430
-8076
-9333
-5666
-2597
-1050
-56
-1840
-3926
-2102
5036
5056
5017
5285
5214
4962
4978
5184
5178
5337
5456
5456
5409
5471
5632
5632
5585
5647
5742
5784
5949
5984
5937
5999
6113
6128
6351
6357
9029
14246
15463
9600
3614
326
-2504
-5813
-5522
-4745
-7084
-7426
-8238
-6647
-5028
-4576
-6194
-6382
-2525
-1140
-3250
-4742
-3639
-1898
-1046
-2828
-7541
-8503
-5062
-3411
-3263
-204
698
-1607
4928
4881
4943
5212
5279
5178
5111
5118
5201
5463
5456
5456
5409
5471
5632
5632
5585
5647
5700
5694
5816
5984
5937
5999
6240
6234
6520
6571
6611
9600
13978
17663
16541
9694
3368
65
-1196
-3302
-4992
-6252
-7646
-5847
-4278
-3741
-6363
-6031
-2227
-278
-1219
-3663
-2898
-2219
-1947
395
-2206
-7573
-7699
-4638
-4685
-5500
-2291
529
5055
4987
4858
4871
4956
5062
5104
5010
5134
5456
5456
5456
5409
5471
5632
5632
5458
5541
5893
5867
5865
5984
5937
5999
6047
6151
6411
6488
6545
6400
7337
11050
16106
18886
16682
11200
5268
423
-2597
-4837
-6517
-4806
-3628
-2567
-5884
-5953
-2290
-16
-168
-2944
-2554
-871
-2980
-810
1172
-2367
-6366
-6213
-3847
-3862
-5851
-3630
10886
11093
11193
11193
11193
11193
11309
11538
11738
11821
11952
12159
12259
12259
12259
12270
12380
12612
12703
12913
13106
13290
13430
13705
13906
14201
14166
14562
14812
14851
15150
15357
15468
15644
15878
15917
16216
16423
16534
16710
16944
17060
17498
17875
17953
18225
18543
18582
18842
19087
19225
19502
19570
19636
19758
20035
20153
20368
20757
20939
21028
21356
10954
11109
11204
11314
11430
11331
11419
11626
11748
12023
12274
12175
12259
12259
12259
12336
12514
12696
12785
13047
13229
13357
13592
13923
14068
14279
14566
14728
14851
15111
15345
15373
15534
15751
15917
16177
16411
16450
16710
16944
16994
17469
17910
18049
18309
18554
18692
18969
19087
19291
19570
19625
19648
19908
20103
20158
20258
20735
21096
21306
21538
21668
11093
11204
11380
11575
11525
11523
11614
11653
11990
12325
12318
12259
12270
12380
12507
12612
12692
12792
12919
13219
13573
13678
13769
14073
14181
14341
14685
14840
15001
15218
15384
15578
15810
15890
16067
16284
16450
16710
16944
16983
17320
17782
18075
18436
18543
18648
18910
19092
19181
19482
19648
19842
20035
20142
20181
20386
20794
21119
21423
21702
21768
21956
11109
11270
11487
11642
11687
11714
11653
11924
12373
12492
12486
12270
12446
12641
12657
12696
12708
12792
12974
13243
13596
13762
13851
14086
14250
14601
14824
14935
15150
15357
15534
15712
15894
15917
16216
16434
16710
16944
16983
17254
17714
18125
18504
18559
18582
18881
19099
19309
19541
19621
19798
19976
20158
20181
20452
20823
21112
21229
21614
21780
22040
22285
11193
11309
11499
11726
11726
11726
11814
12207
12596
12603
12607
12573
12680
12708
12792
12792
12792
12792
12947
13215
13605
13742
14084
14263
14566
14728
14851
15111
15345
15384
15683
15890
16001
16177
16411
16516
16828
17093
17381
17664
18003
18332
18571
18666
18842
19076
19181
19443
19625
19648
19947
20154
20265
20441
20752
21008
21357
21673
21764
22040
22285
22489
11193
11309
11499
11726
11726
11737
12029
12453
12708
12742
12631
12569
12708
12792
12792
12792
12792
12792
12908
13148
13563
13908
14031
14147
14558
14840
15001
15218
15373
15534
15751
15906
16067
16284
16450
16749
17044
17432
17807
17937
18264
18555
18655
18732
18949
19104
19304
19494
19721
19798
20015
20181
20441
20675
20819
21170
21575
21768
21956
22274
22379
22680
11204
11419
11626
11726
11726
11803
12136
12481
12792
12726
12724
12787
12902
12919
12792
12792
12792
12803
13018
13291
13509
13697
14019
14313
14554
14924
15040
15230
15468
15683
15890
16001
16216
16423
16600
16828
17275
17744
18026
18115
18416
18571
18666
18881
19088
19199
19414
19621
19732
19947
20165
20441
20675
20714
21024
21446
21753
21930
22147
22313
22612
22819
11270
11487
11642
11726
11726
11842
12148
12565
12792
12764
12890
12912
12970
12935
12792
12792
12792
12869
13086
13280
13464
13902
14174
14343
14608
15045
15277
15357
15534
15751
15906
16067
16284
16439
16639
16906
17466
17811
18122
18238
18428
18666
18842
19076
19115
19375
19609
19648
19908
20142
20247
20548
20714
20985
21395
21657
21780
22079
22297
22573
22807
22846
11298
11389
11599
11726
11726
11842
12137
12444
12544
12621
12733
12913
12872
12892
12792
12792
12792
12908
13098
13325
13507
13815
14141
14495
14679
15069
15234
15373
15573
15763
16001
16216
16423
16523
16639
16934
17368
17768
18122
18238
18428
18732
18949
19104
19265
19482
19648
19908
20142
20170
20370
20560
20864
21158
21530
21769
21930
22147
22379
22680
22846
23106
11232
11321
11583
11726
11726
11831
11961
12183
12394
12510
12661
12926
12914
13003
12792
12792
12792
12908
13098
13336
13601
13996
14386
14617
14874
15162
15441
15468
15683
15901
16177
16411
16439
16534
16749
17006
17410
17879
18133
18348
18555
18771
18961
19188
19304
19494
19798
20015
20170
20265
20480
20698
21024
21446
21753
21864
22079
22297
22612
22830
23106
23340
11193
11309
11499
11726
11726
11776
11964
12243
12259
12375
12576
12979
13097
12935
12792
12792
12803
13018
13236
13512
13823
14068
14384
14685
14917
15218
15373
15534
15751
15983
16284
16439
16523
16600
16828
17170
17692
17828
18072
18416
18582
18881
19088
19188
19304
19494
19837
20027
20265
20441
20686
20901
21395
21657
21780
22040
22285
22489
22818
23022
23351
23489
11193
11309
11499
11726
11737
11913
12147
12186
12380
12612
12758
12976
12998
13019
12792
12803
12979
13213
13329
13740
14127
14302
14617
14835
15150
15357
15468
15683
15901
16216
16434
16644
16771
16887
17143
17554
17744
18091
18459
18555
18732
18949
19104
19199
19414
19632
19947
20154
20331
20548
20791
21268
21657
21780
22040
22285
22489
22818
23022
23340
23445
23707
11193
11309
11499
11726
11814
12130
12302
12325
12404
12569
12747
12909
12956
12892
12792
12869
13086
13252
13628
14013
14306
14494
14812
14917
15218
15384
15644
15889
16093
16422
16626
16905
16932
17158
17525
17979
18297
18492
18475
18582
18881
19099
19309
19502
19620
19824
20142
20181
20480
20698
21090
21525
21890
22167
22285
22489
22818
23033
23461
23616
23805
23896
11193
11309
11499
11737
12029
12337
12413
12419
12635
12886
12919
12831
12804
12887
12913
13156
13346
13650
13972
14207
14457
14575
14724
15150
15357
15534
15762
16093
16422
16626
16944
16983
17254
17675
18074
18408
18486
18692
18903
18980
19197
19418
19570
19636
19824
20142
20181
20441
20686
20890
21335
21729
22246
22411
22616
22807
22912
23290
23623
23861
24010
24226
11204
11419
11626
11803
12136
12376
12673
12652
12883
13013
12946
12913
13040
13106
13174
13240
12572
10140
7852
8832
11484
13757
14858
15218
15384
15683
15967
16284
16505
16707
16845
17133
17427
17876
18332
18582
18842
19037
19053
19169
19359
19636
19758
20035
20142
20181
20441
20675
20780
21092
21539
22058
22489
22768
22834
22956
23283
23578
23896
24172
24378
24609
11270
11487
11653
11963
12385
12653
12780
12785
13086
13136
13206
13174
13201
13350
13445
12457
6913
508
-1163
-639
853
4051
9054
13480
15528
15999
16259
16434
16683
16899
17161
17420
17726
18248
18566
18842
19087
19225
19436
19552
19742
20035
20103
20169
20291
20568
20675
20714
21035
21528
22105
22389
22807
22846
23106
23312
23543
23800
24088
24417
24621
24950
11309
11510
11913
12224
12469
12708
12803
13018
13225
13275
13203
13114
13391
13470
13145
8658
529
-5062
-8169
-8586
-6549
-3044
-221
2226
7818
14019
16300
16516
16789
17147
17365
17680
18003
18343
18758
19087
19291
19570
19597
19812
20019
20158
20170
20331
20509
20702
20824
21101
21362
21796
22393
22734
22956
23233
23351
23555
23884
24088
24406
24511
24823
25165
11546
11714
12141
12528
12692
12792
12869
13086
13241
13259
13246
13199
13237
13464
12327
6334
-1133
-7542
-10283
-11638
-11842
-11185
-8893
-4658
-1027
3696
11622
16120
16785
17113
17455
17883
18143
18395
18822
19181
19482
19637
19798
20015
20181
20375
20502
20607
20698
20974
21169
21235
21578
22136
22680
22912
23185
23477
23682
23884
24088
24406
24445
24755
25149
25670
11630
11835
12287
12696
12719
12913
13145
13214
13215
13159
13247
13173
13320
13639
11909
6957
-598
-6239
-8477
-10068
-11122
-11777
-12158
-12519
-10054
-3067
2378
7458
13439
16660
17562
17906
18282
18603
18956
19414
19621
19732
19947
20165
20441
20647
20773
20939
21028
21329
21495
21755
22105
22428
22830
23145
23429
23707
23900
24088
24406
24445
24716
25137
25586
26108
11737
12068
12465
12792
12869
13047
13218
13065
13130
13320
13407
13561
13566
14038
12444
9218
2933
-3118
-6532
-8346
-9263
-9905
-10926
-12335
-11876
-10478
-5313
36
2734
6410
11708
16090
18013
18548
18954
19482
19637
19798
20026
20357
20686
20890
21169
21207
21532
21866
22032
22150
22393
22723
22912
23224
23594
23896
24172
24417
24555
24843
25137
25586
26119
26575
11814
12246
12608
12792
12908
13109
13369
13356
13418
13555
13718
13833
13966
14107
13613
11712
7806
2713
-2564
-5985
-7204
-8239
-8963
-9172
-9540
-10082
-9965
-9106
-5572
-1714
807
3748
9420
15851
18950
19505
19842
20074
20231
20559
20890
21219
21357
21711
21996
22178
22411
22616
22818
22956
23272
23429
23757
24088
24417
24621
24911
25153
25586
26119
26641
26948
12294
12574
12956
13040
13156
13412
13602
13643
13623
13762
13851
14047
14227
14291
14390
13853
12170
8224
4097
-489
-4208
-5737
-6450
-6376
-6644
-7578
-9308
-10782
-11401
-10896
-8638
-4513
-618
3651
11721
18428
19976
20158
20286
20637
21081
21313
21575
21873
22075
22463
22641
22823
22912
23185
23477
23732
24072
24417
24621
24950
25165
25670
26108
26531
26860
27099
12598
12753
13063
13190
13306
13535
13735
13857
13895
14106
14211
14252
14379
14318
14617
14901
14632
13438
9910
6068
2300
-2066
-4115
-3663
-3891
-5223
-6891
-8898
-10793
-12453
-13306
-13435
-11220
-5363
1133
9660
18139
20138
20491
20913
21231
21557
21874
22217
22418
22860
23067
23167
23283
23539
23845
24087
24443
24748
24950
25165
25659
25998
26327
26682
26956
27194
12830
12946
13309
13325
13441
13631
13858
13935
14113
14256
14295
14318
14512
14705
14812
14956
15346
15373
14552
12128
8014
5073
1866
-524
-1476
-3088
-5132
-7216
-9024
-10715
-12263
-13968
-14935
-14185
-8298
476
8372
16776
20487
20887
21186
21691
22035
22477
22761
23078
23233
23328
23543
23800
24099
24593
24816
24977
25275
25797
26042
26386
26561
26876
27094
27370
13106
13213
13252
13446
13678
13758
13869
14084
14291
14391
14402
14578
14773
14828
14840
15040
15346
15763
15939
15292
13754
10746
7748
5612
2286
-1139
-3429
-5511
-7424
-9075
-10500
-11917
-13277
-14137
-12928
-8839
-233
5947
13300
19154
21166
21742
22236
22691
23061
23363
23573
23766
23884
24088
24483
24728
24989
25425
25854
26014
26288
26565
26753
27082
27286
27604
13229
13252
13512
13707
13762
13785
14045
14279
14307
14391
14468
14685
14840
14935
15045
15277
15462
15653
15902
16079
16017
15224
13480
10578
7808
3080
-1304
-3907
-6026
-7490
-8476
-9044
-9772
-10924
-12056
-11762
-9564
-2729
3160
7791
14968
20616
22148
22769
23224
23555
23834
23900
24099
24527
24798
25083
25552
25904
26070
26481
26671
26975
27192
27424
27725
27880
13325
13402
13619
13774
13858
13935
14152
14307
14402
14512
14744
14824
14924
15001
15179
15361
15412
15585
15847
16106
16296
16445
16240
15148
12402
8754
4063
-1446
-4508
-5861
-6502
-6530
-6674
-7138
-8578
-10490
-11293
-10644
-6923
-585
3937
9496
17402
22283
23418
23636
23774
24062
24356
24689
25043
25409
25920
26136
26510
26741
26959
27274
27492
27807
28014
28114
13325
13441
13631
13858
13858
13974
14164
14402
14578
14773
14828
14840
14935
15150
15357
15457
15457
15573
15763
16106
16296
16523
16717
16723
16328
13750
9453
5107
-440
-3995
-4586
-4341
-3977
-4206
-5739
-7913
-9903
-11388
-11602
-10610
-6552
325
4893
10009
16858
21836
23599
24211
24534
24824
25233
25541
25972
26301
26505
26834
27038
27367
27571
27900
28038
28260
13336
13551
13758
13858
13858
13974
14164
14468
14685
14840
14924
14924
15001
15218
15373
15457
15468
15683
15890
16106
16296
16534
16749
17111
17373
17007
15105
10714
6769
2440
-1372
-2725
-2541
-2427
-3654
-5762
-8102
-10063
-11631
-12698
-12591
-11069
-5657
885
4983
8318
13122
19417
23667
24587
25079
25485
26013
26245
26546
26778
27079
27311
27612
27844
28106
28326
13402
13619
13774
13858
13869
14084
14291
14507
14697
14924
14924
14935
15150
15357
15457
15457
15534
15751
15917
16216
16434
16710
16955
17198
17594
17785
17514
16398
13129
9167
5650
1402
-929
-1169
-2159
-4400
-6949
-9042
-10792
-12300
-13415
-13297
-12231
-10544
-6869
-1726
2777
6544
12546
20143
24378
25352
25653
26106
26423
26755
26846
27172
27489
27832
28033
28486
13441
13631
13858
13869
14045
14279
14318
14617
14824
14924
14924
15001
15218
15373
15457
15457
15573
15763
16067
16284
16516
16817
17049
17350
17544
17728
18244
18360
17786
15527
11467
8027
4340
602
-1585
-3398
-5758
-8042
-10407
-11743
-11412
-11493
-12881
-13714
-13540
-12405
-9280
-2868
5087
8449
9115
11529
16784
21095
22367
22913
24230
26267
27500
27942
28226
28620
13441
13631
13869
14045
14279
14318
14578
14812
14851
15034
15051
15040
15230
15457
15468
15578
15810
15890
16106
16296
16639
16840
17282
17489
17600
17881
18206
18483
18783
18421
17285
13990
10239
6022
392
-3205
-5382
-7792
-9554
-9203
-8623
-10238
-12671
-14215
-14572
-13806
-11711
-8330
-5531
-2779
-927
457
1456
1996
2896
4385
5961
8335
13093
20154
26249
28671
13551
13758
13935
14152
14307
14457
14575
14713
14990
14992
14951
15150
15357
15457
15534
15712
15894
15917
16216
16434
16749
17033
17350
17516
17776
18060
18276
18650
18881
19088
19031
18368
15991
11499
6655
388
-4788
-7226
-7628
-6691
-6769
-8950
-12467
-14057
-13148
-11231
-9425
-8116
-7825
-8881
-10934
-12604
-12602
-11403
-10369
-9673
-7951
-4643
171
4072
9550
19263
13619
13774
13974
14164
14391
14441
14629
14908
14963
14936
15074
15108
15257
15578
15810
15890
16001
16177
16411
16516
16817
17088
17373
17787
18131
18352
18554
18758
19076
19115
19414
19698
19222
17401
12546
6944
412
-5129
-5611
-4910
-6144
-9597
-12439
-12320
-10914
-9223
-8110
-7591
-7889
-9500
-12579
-16097
-18877
-20481
-20702
-20169
-19399
-18031
-15301
-10112
-2052
4217
13631
13869
14084
14291
14391
14468
14685
14840
14924
14935
15084
15289
15518
15712
15894
15906
16067
16284
16439
16639
16840
17293
17676
18087
18293
18559
18648
18949
19115
19375
19609
19742
20061
19776
18509
13825
7251
-398
-6312
-7795
-9550
-10711
-10892
-9852
-8620
-7568
-7489
-7593
-8789
-10599
-13038
-15955
-18697
-20481
-20807
-20976
-21018
-20590
-20074
-18570
-16661
-10666
13769
14045
14279
14307
14391
14507
14697
14924
14935
15111
15306
15361
15489
15763
15990
15990
16106
16296
16523
16639
16895
17306
17573
18137
18555
18666
18881
19088
19265
19482
19648
19870
19916
19096
15936
9812
529
-8095
-10465
-10682
-10258
-9413
-8423
-7309
-6768
-6875
-7470
-8407
-10151
-11727
-13400
-15715
-18057
-19633
-20171
-20406
-20350
-19933
-19596
-19323
-19376
-18211
13851
14152
14307
14391
14402
14628
14945
15172
15249
15455
15500
15468
15683
15890
16001
16100
16233
16296
16523
16628
16758
17096
17640
18163
18444
18732
18949
19115
19414
19599
19248
15718
8536
2035
-2094
-5149
-7797
-8833
-11270
-10788
-9431
-7885
-6650
-5744
-5813
-6290
-7808
-9432
-11363
-12697
-13479
-15029
-16809
-17892
-18356
-18636
-18713
-18607
-18383
-18086
-18207
-18785
13963
14054
14264
14369
14061
12308
9218
6892
5750
5378
5063
4870
5109
5539
6537
7647
8582
9500
10471
11276
12318
13573
14557
15581
16808
18015
18713
19017
19168
18102
11079
557
-5514
-8691
-10715
-12534
-13028
-12565
-11432
-9494
-7786
-6350
-5510
-5142
-5306
-6335
-8220
-10601
-12587
-13375
-14056
-14693
-14984
-16064
-16865
-16627
-16809
-16852
-16747
-16821
-17215
-17999
13897
13986
14215
13544
8468
1117
-2386
-3765
-4547
-4922
-4881
-4666
-4426
-3855
-2822
-1935
-1176
-862
-681
-573
-202
320
784
1275
2083
3664
6292
9886
12047
6924
-2547
-7877
-12737
-16127
-16840
-16019
-14405
-12410
-10260
-8290
-6711
-5830
-5644
-5370
-5340
-6294
-8823
-11859
-13640
-14638
-14351
-13234
-14757
-15407
-14462
-15155
-15350
-15377
-15459
-15927
-16741
-18171
13858
13974
13713
8818
155
-5026
-8318
-10877
-12225
-12323
-12170
-12292
-12276
-11652
-10345
-9053
-8569
-8600
-8654
-8697
-8675
-8427
-8514
-8413
-7547
-5558
-2866
-601
-1507
-4813
-7528
-12796
-15736
-16449
-15868
-14909
-13729
-11970
-10088
-8345
-7238
-6969
-6656
-5913
-5691
-7205
-9514
-11088
-13193
-13168
-12126
-13757
-13301
-12136
-13448
-13926
-14103
-14495
-15125
-16003
-17344
-18839
13858
13974
12221
5200
-2758
-8601
-11677
-13237
-13880
-13846
-13669
-13573
-13574
-12954
-11489
-10746
-10940
-11439
-12210
-13116
-13946
-14708
-15561
-16044
-15232
-13623
-12048
-10216
-9134
-8510
-11690
-14126
-15501
-15818
-15487
-14825
-13856
-12625
-11013
-9825
-9336
-9452
-9069
-8347
-8867
-9474
-9056
-10664
-11898
-11348
-11896
-10375
-10285
-12085
-11759
-12387
-12900
-13807
-15018
-16308
-17747
-19383
13858
13963
11001
4325
-4300
-8846
-10871
-12323
-12939
-12723
-12461
-12511
-12471
-11443
-9870
-9331
-9663
-10400
-11227
-12170
-13185
-14221
-15056
-14977
-14252
-13975
-14023
-13615
-12526
-11792
-12472
-13905
-15056
-15482
-15517
-15362
-15026
-14124
-13075
-12813
-13279
-13733
-13689
-13128
-12836
-11797
-11022
-11979
-10419
-8435
-7083
-9148
-10068
-9595
-10188
-10960
-11878
-13077
-14717
-16296
-17929
-19782
13858
13919
11068
5653
-3289
-8441
-10275
-11160
-11271
-10902
-10607
-10832
-10848
-9887
-8410
-8196
-8587
-9125
-9964
-11019
-11953
-12700
-13116
-13823
-14716
-14809
-14603
-13570
-12312
-12098
-12982
-14289
-15416
-16019
-16615
-17001
-16739
-16328
-16618
-17499
-18753
-19840
-19983
-19776
-19311
-19293
-16495
-11706
-7149
-6352
-8039
-7823
-7464
-8211
-9051
-10154
-11266
-12574
-14120
-15958
-17941
-19607
13979
14249
12177
8635
2547
-2107
-4869
-5868
-6238
-6703
-7742
-9079
-9562
-9057
-7703
-7411
-7556
-8025
-8627
-9489
-10256
-11131
-12827
-15130
-16579
-16986
-15770
-14129
-13429
-13413
-14236
-15504
-16562
-17587
-18579
-19216
-19897
-21268
-22847
-23522
-23845
-23774
-24074
-25784
-24604
-23072
-16737
-10667
-8691
-8299
-7341
-7292
-7103
-7290
-8411
-9860
-11235
-12275
-13628
-15582
-17554
-19296
14113
14411
13817
12408
9123
6138
5237
4880
4520
3933
2652
754
-1185
-3179
-4019
-4758
-5631
-6272
-7044
-7862
-8935
-11226
-14689
-17067
-18531
-18232
-16282
-15027
-14321
-14557
-15415
-16565
-17901
-19320
-20914
-23051
-26422
-29714
-31394
-31377
-30938
-30928
-30829
-30890
-29676
-26923
-19514
-13334
-9880
-8447
-7946
-7105
-6521
-6994
-8136
-9637
-10697
-11717
-13138
-15016
-17183
-18904
14528
14623
14614
14528
14270
13202
12332
11888
11752
11175
9923
8388
6856
5870
5723
5197
4336
3171
1191
-1851
-6486
-11571
-15573
-18004
-18712
-17654
-16475
-15637
-15367
-15701
-16473
-18047
-19738
-21524
-24427
-28579
-32194
-33430
-33510
-33411
-33008
-32647
-31512
-31460
-30554
-28260
-24704
-17632
-12364
-10507
-9608
-8584
-7774
-7506
-8121
-9260
-10232
-11222
-12573
-14593
-16783
-17976
14639
14694
14795
15075
15404
15709
15861
15954
16104
16189
16027
15407
14641
13655
12701
12182
11246
10126
8441
5478
-1571
-9868
-15021
-17406
-17529
-17498
-17236
-16881
-16714
-16824
-17863
-19676
-21841
-24770
-28308
-30180
-30657
-31012
-31496
-32361
-32216
-30982
-29557
-28616
-28859
-28941
-28126
-23654
-17416
-13109
-10772
-9565
-8739
-8235
-8376
-8796
-9536
-10574
-12338
-14354
-16085
-17051
14896
14994
15065
15083
15230
15496
15508
15719
16085
16507
16628
16719
16968
17184
17368
17409
17033
16680
15621
11745
5713
-2096
-10343
-15025
-16565
-16947
-16822
-16783
-16847
-17559
-19243
-21602
-23795
-25467
-26173
-26593
-26922
-27059
-28023
-29144
-29021
-27793
-25744
-23406
-23636
-26955
-30248
-29099
-22490
-16085
-12426
-10807
-9557
-8900
-8526
-8695
-9256
-10169
-11662
-13603
-15263
-16894
14764
15052
15256
15293
15357
15457
15468
15760
16184
16439
16562
16640
16803
17034
17252
17462
17655
17828
17674
16255
12889
6320
1114
-3490
-8054
-11655
-12633
-13141
-13841
-15408
-17561
-19544
-20972
-21801
-22644
-23597
-24109
-25254
-26227
-26154
-25198
-22575
-17984
-14734
-17742
-24312
-29871
-32284
-27858
-20169
-14413
-11443
-10141
-9408
-8919
-8881
-9155
-9806
-11230
-12889
-15020
-16963
14708
14977
15302
15555
15500
15468
15655
16104
16339
16523
16523
16573
16761
17079
17184
17435
17518
17552
17813
17973
16971
15023
10835
5599
-1465
-6989
-8331
-9148
-9816
-10892
-12418
-14395
-16259
-18113
-20240
-21654
-21459
-20888
-20383
-19653
-18746
-14899
-9983
-9845
-14725
-22501
-29585
-32725
-31949
-25734
-18321
-13398
-11069
-9934
-9269
-8844
-8856
-9500
-10639
-12274
-14540
-15772
14546
14825
15391
15646
15710
15661
15817
16090
16312
16523
16523
16589
16707
16845
17161
17175
17284
17446
17694
17824
18123
18227
17422
12467
4702
-2683
-4476
-4846
-4822
-5628
-7683
-11055
-14904
-18057
-18856
-16876
-15216
-14749
-14670
-14603
-13563
-10311
-7539
-9070
-15027
-22897
-29297
-32784
-33725
-30556
-24090
-17888
-13324
-10550
-9343
-8696
-8718
-9269
-10277
-11835
-13313
-14485
14507
14813
15335
15603
15625
15578
15681
15870
16143
16396
16523
16562
16651
16913
17095
17068
17256
17362
17628
17717
18095
18467
18219
14649
8171
-374
-2603
-2785
-2906
-3960
-7297
-12317
-15657
-15388
-13319
-11932
-11141
-10587
-10524
-10849
-10497
-10218
-9689
-11934
-17163
-24308
-30213
-32989
-33825
-33674
-29408
-23420
-19018
-14254
-10304
-8831
-8540
-9067
-10001
-10850
-11967
-13351
14507
14813
15258
15398
15426
15580
15508
15708
15975
16380
16523
16523
16639
16829
17056
17056
17172
17362
17589
17705
18000
18318
18449
15749
11609
4132
-1019
-2536
-3287
-5334
-8801
-11316
-11563
-10917
-9993
-9134
-8385
-8334
-8864
-9889
-10735
-11787
-12238
-15274
-21179
-27883
-31657
-32427
-32757
-33709
-32852
-28629
-23560
-20695
-16173
-11074
-9283
-9342
-9618
-10071
-11061
-11996
14507
14813
15153
15279
15314
15457
15457
15573
15879
16296
16523
16523
16639
16829
17056
17056
17161
17252
17473
17815
18072
18360
18744
17545
14986
9789
5276
823
-2888
-5587
-7641
-8682
-8742
-7562
-6901
-7021
-7459
-7980
-8639
-9907
-11756
-13946
-16189
-20613
-27537
-32521
-32757
-32250
-31853
-32128
-33304
-31517
-27865
-24612
-21835
-18615
-13520
-10953
-10220
-10137
-10352
-10901
14496
14692
14877
15129
15120
15330
15457
15573
15879
16296
16523
16523
16639
16829
17056
17056
17106
17294
17639
17773
17988
18416
18610
18693
17735
15744
11313
8297
5429
187
-4556
-5601
-5051
-4660
-4920
-5970
-7319
-8528
-10053
-12081
-13993
-16335
-20822
-27582
-32607
-34224
-33061
-31520
-30873
-30640
-31343
-31620
-28666
-26164
-24994
-22281
-20023
-16159
-12688
-11237
-10671
-10407
14441
14668
14920
15047
15041
15204
15330
15573
15879
16296
16523
16523
16639
16829
17056
17056
17133
17350
17544
17717
18095
18417
18545
18683
18972
18878
17999
15558
10894
3700
-2101
-3414
-3518
-3413
-4189
-5892
-7726
-9647
-11728
-14205
-18377
-23934
-27959
-30966
-33913
-34633
-31902
-30192
-29811
-28811
-29140
-29907
-27852
-24815
-23867
-24688
-22831
-20449
-17322
-14249
-13713
-13658
14457
14575
14713
14924
14963
15052
15314
15573
15879
16296
16523
16523
16639
16829
17056
17056
17172
17362
17589
17705
18011
18351
18477
18617
18956
19362
19712
19504
15563
8067
-156
-2030
-2861
-3548
-4751
-6671
-8864
-10959
-15730
-23205
-27915
-28653
-28475
-30908
-32996
-32228
-29262
-27698
-28142
-26675
-26006
-26815
-27083
-23886
-21268
-21236
-22327
-21437
-19335
-17553
-14878
-13397
14667
14646
14792
15034
15062
15150
15357
15573
15879
16296
16523
16523
16639
16829
17056
17056
17172
17362
17589
17705
18000
18202
18338
18467
18822
19212
19695
19829
16387
10555
1910
-1729
-3322
-4670
-6409
-8278
-9676
-13596
-21704
-28175
-29477
-28857
-28033
-29015
-30170
-28989
-25437
-24613
-25450
-23939
-22506
-23375
-24326
-23182
-20600
-18599
-18432
-19034
-18429
-16302
-15625
-14642
14723
14771
15011
15229
15133
15108
15246
15573
15879
16296
16523
16523
16639
16829
17056
17056
17172
17362
17600
17815
18061
18134
18322
18428
18771
19077
19533
19876
17417
13919
6297
182
-3534
-5910
-7907
-9002
-11138
-18643
-25938
-29884
-30439
-27451
-25079
-26087
-27001
-25144
-21231
-20815
-21431
-21387
-19117
-19494
-20876
-21479
-20377
-17957
-15454
-14814
-15104
-13556
-11639
-10888
14885
14989
15134
15268
15311
15289
15441
15584
15989
16423
16523
16523
16639
16829
17056
17056
17172
17362
17655
17773
17911
18122
18238
18428
18771
19077
19494
19876
19126
17006
12198
7805
2414
-3593
-7111
-9829
-15940
-21593
-25231
-28596
-27724
-24224
-22207
-23092
-24073
-22132
-17241
-16701
-17413
-18496
-16218
-15763
-17248
-18021
-18745
-18182
-15440
-13156
-11990
-11401
-9921
-7943
14924
15040
15230
15418
15406
15361
15373
15650
16057
16439
16523
16523
16639
16829
17056
17056
17172
17362
17628
17717
17979
18122
18238
18428
18782
19187
19632
19947
20181
19489
18330
14289
10025
5519
-956
-8214
-14121
-18446
-24006
-26102
-25095
-21362
-19619
-20449
-21735
-19652
-13443
-12775
-13659
-15064
-14039
-12608
-14363
-14666
-15444
-16587
-15992
-13422
-11666
-9558
-8463
-7101
14935
15150
15346
15336
15220
15330
15457
15689
16069
16523
16523
16523
16639
16829
17056
17056
17161
17252
17473
17815
18022
18122
18238
18428
18837
19145
19576
19905
20082
20487
20660
20178
17967
13402
8206
2397
-5974
-14372
-20260
-22744
-22085
-18057
-17179
-17677
-19440
-17474
-10416
-9597
-10719
-11921
-12306
-10292
-11509
-11657
-12018
-13992
-15196
-13703
-11932
-10251
-8091
-6600
-28
119
63
63
63
63
-94
-117
-36
-26
-22
125
69
69
69
56
125
108
115
128
223
188
332
124
270
373
104
82
242
150
-4
143
74
111
248
156
2
149
80
117
254
117
266
553
349
205
263
171
129
253
243
259
381
279
246
262
259
204
443
481
334
414
94
142
50
119
259
177
-25
122
40
159
354
148
69
69
69
24
215
253
106
218
256
-3
119
135
191
259
207
321
150
108
245
166
42
121
156
114
251
159
117
254
149
32
316
168
126
250
240
256
253
211
381
292
177
135
384
295
135
172
456
469
452
347
119
50
87
336
391
237
224
132
45
418
298
69
56
125
252
108
128
72
-98
60
258
114
121
3
68
-91
115
163
39
118
153
143
126
146
45
124
159
117
254
162
75
278
316
253
263
139
251
289
142
142
177
167
262
272
180
157
177
321
223
393
291
226
142
18
97
145
178
168
132
77
139
364
140
56
93
342
365
253
151
72
-117
81
244
259
112
144
25
-30
140
71
-4
143
42
233
271
156
2
136
117
254
162
107
156
261
375
286
171
17
151
164
147
167
66
257
295
180
125
411
459
233
154
189
147
271
63
-94
-5
66
66
66
8
124
309
295
196
220
230
151
72
72
72
72
-197
-242
-141
-62
-10
236
207
321
150
108
245
153
-1
146
77
114
251
127
114
231
234
281
294
215
184
92
129
266
142
254
292
177
23
170
101
138
230
217
255
159
166
147
271
229
63
-94
-5
66
66
53
-67
159
151
197
217
126
151
72
72
72
72
72
-85
-121
-115
23
56
-81
-12
163
39
118
166
42
121
169
45
124
159
5
94
298
431
326
93
161
105
60
139
187
-49
40
111
66
145
180
138
275
39
4
266
291
226
284
160
160
50
-25
122
66
66
21
-57
80
72
104
-50
36
141
199
72
72
72
59
-16
99
40
-95
-67
-290
-137
84
-73
16
74
-1
146
77
2
149
48
114
42
301
283
136
136
184
92
17
164
95
20
167
98
23
157
138
275
183
16
88
179
78
157
192
38
185
18
97
145
66
66
-91
-159
1
72
171
243
233
263
222
72
72
72
27
106
42
-197
-48
383
-17
56
140
123
143
42
121
169
45
124
172
-64
-20
-27
110
102
-55
34
92
129
266
174
132
269
177
135
272
148
148
183
128
302
360
189
35
169
150
287
195
-81
-74
-61
66
66
-91
-146
-55
-111
-156
67
-49
92
16
72
72
72
-85
4
75
-114
-28
145
26
60
161
141
166
-70
19
77
2
149
93
-64
-119
-198
-96
102
-55
34
60
139
187
63
142
177
135
272
193
-43
46
72
106
233
202
78
157
160
160
195
153
-49
-196
-84
66
66
-78
-183
-272
-224
-381
-180
-132
39
120
72
72
72
-85
4
62
-138
-56
45
-7
15
-106
64
74
-1
133
114
251
172
80
5
27
-251
8
89
14
161
-52
37
108
-49
40
66
145
193
101
26
160
16
88
179
110
35
169
38
172
153
290
63
-94
-5
66
66
-59
-124
46
69
-88
-12
96
390
222
72
72
59
-16
118
99
191
191
115
115
118
118
166
42
121
124
124
172
93
48
114
186
182
168
-70
136
171
17
164
108
-49
40
-46
43
101
138
262
207
302
360
189
147
271
229
274
232
277
267
63
-94
-5
66
53
90
227
135
125
108
96
37
184
143
72
59
96
233
96
165
196
124
-7
127
-4
143
74
-1
133
2
136
149
276
119
176
212
231
115
118
161
60
139
187
95
20
154
23
170
69
148
138
175
360
189
147
271
229
274
232
290
166
278
63
-94
-5
66
8
169
275
37
146
126
39
-174
13
16
72
27
106
141
-58
280
249
184
242
118
118
153
111
235
193
238
196
366
376
288
379
273
421
477
365
171
17
151
164
259
256
214
272
180
26
160
-16
197
258
274
271
229
274
219
346
394
171
178
63
-94
-5
53
-67
316
206
13
-7
118
199
-40
-30
-20
128
98
187
213
148
216
49
46
23
-4
143
42
108
193
238
196
254
162
107
268
475
556
352
240
288
243
322
338
381
279
214
272
180
138
262
220
108
155
383
363
356
287
163
118
357
415
372
352
50
-25
122
21
-57
224
164
329
277
469
209
128
255
223
345
289
198
-1853
-4486
-4433
-2731
-940
-111
118
153
-1
101
124
140
58
48
51
85
167
215
171
129
378
401
244
333
279
246
262
272
180
138
275
151
138
66
200
229
399
297
264
155
100
178
159
395
343
18
97
132
-35
37
240
174
106
106
298
167
345
355
312
389
485
-2168
-9168
-11792
-12084
-11000
-8868
-5346
-1717
-29
304
208
136
37
17
129
122
54
70
148
129
253
243
291
134
223
262
384
282
249
265
275
183
3
256
307
285
287
195
153
389
337
359
238
283
241
286
-94
-18
90
182
182
151
59
-16
131
200
108
27
43
152
593
884
-3674
-6021
-7159
-10473
-13637
-14027
-12507
-10862
-7261
-1786
147
127
226
301
435
304
294
202
208
253
211
381
391
316
463
295
193
69
260
285
252
268
188
366
410
353
264
280
277
235
280
238
296
172
159
231
102
64
156
187
128
72
27
106
154
107
-34
-17
-164
-197
1249
2737
1019
1821
1883
1324
-1164
-5958
-11822
-15468
-14444
-11213
-4651
-559
-76
-66
6
133
37
-80
12
142
142
190
66
145
180
170
297
153
160
141
390
288
-46
66
160
163
262
369
362
280
238
296
204
37
208
313
247
-57
144
253
138
128
111
144
6
60
209
32
39
-71
3120
4430
3448
2789
2461
2132
1727
1880
1154
-4081
-12872
-14977
-11707
-8136
-3406
-694
-208
18
46
-118
1
20
167
98
23
157
138
374
466
481
334
334
369
327
307
173
172
41
143
278
303
238
296
204
149
310
392
408
53
-179
57
72
27
218
269
117
-174
39
243
360
292
116
3196
5482
5632
3807
2449
1970
1694
1914
2188
2728
-386
-6577
-12947
-13462
-11344
-8982
-5318
-1790
-75
2
71
142
190
66
132
217
262
220
390
387
381
655
567
564
410
366
163
150
123
178
159
283
273
276
310
392
395
443
8
12
207
72
-85
-9
176
179
210
305
335
440
341
79
1789
5568
7635
7213
4386
2374
2049
1876
2000
2789
3491
2594
-1965
-8984
-14323
-15256
-13737
-11871
-8116
-2938
-247
27
167
150
125
135
220
265
255
226
427
485
363
356
274
264
168
143
153
238
283
241
398
333
392
395
411
502
174
215
334
255
98
155
492
351
427
259
112
256
140
137
260
2658
6826
9052
8295
5777
3295
2276
2143
2721
3078
2917
2523
1351
-1790
-7380
-13747
-16863
-15908
-12951
-7114
-1148
257
295
36
1
151
154
266
147
134
81
272
310
163
262
369
237
215
283
241
286
231
313
408
342
263
232
280
284
241
368
211
188
269
167
213
261
117
249
183
147
-7
95
1977
6174
9197
8785
7477
3955
1810
2308
2717
2879
2733
2473
2263
2025
191
-4976
-13549
-18289
-15736
-9532
-1804
-26
13
85
163
19
235
149
225
221
368
312
155
212
392
327
431
368
286
231
326
339
260
72
82
140
49
-39
52
75
-82
7
78
33
224
374
262
147
137
232
242
6
-141
1139
4441
7957
9181
7263
5043
3082
2692
2870
2834
2522
2187
1835
1890
2431
-140
-8042
-16548
-15543
-10633
-3452
-11
161
27
109
335
331
433
456
504
412
337
359
225
320
490
296
300
440
440
265
193
62
196
177
223
233
141
131
114
134
65
-10
137
81
68
105
354
265
163
-73
-141
19
394
2633
6520
8970
7860
6401
4206
2460
2034
2175
2336
2104
2161
2408
3021
2579
-4582
-13369
-15751
-12348
-6815
-1862
-314
-105
10
147
120
175
188
283
280
238
251
251
194
189
575
362
372
318
253
298
256
314
256
141
99
348
259
144
102
239
160
81
36
115
163
71
140
123
-1
-50
-149
-57
1053
3954
6591
8003
7255
5091
2681
2115
1844
1844
2356
2757
3601
3992
3413
-1963
-11054
-16153
-14485
-11383
-6004
-1190
-229
13
150
235
405
303
225
352
243
240
316
450
361
173
262
288
367
370
370
418
75
30
109
157
78
33
112
160
68
137
120
140
84
39
230
268
54
-172
-60
-67
22
317
1532
4975
7748
8045
6605
3378
1693
1473
1947
2555
3408
3679
3695
3397
135
-6419
-13927
-16961
-14364
-10947
-4801
-665
156
97
87
90
124
363
264
390
473
329
407
355
489
358
492
361
508
452
75
-82
7
78
78
-79
10
68
105
354
265
163
71
-4
143
87
87
-70
19
-67
22
93
-288
528
3883
7864
8871
7731
4520
1776
1155
1350
2476
3448
3653
3089
2430
1798
-1363
-8504
-16132
-17475
-14302
-10951
-5910
-1789
-282
47
37
70
-48
38
67
112
70
115
73
118
76
121
111
146
62
-13
134
78
78
-79
10
36
115
163
84
84
39
118
166
87
74
-1
146
-67
22
80
5
-117
105
2946
7417
9892
8922
6421
2976
921
916
1956
2840
2772
2252
1569
1303
874
-3528
-11156
-17709
-18323
-15009
-12420
-9211
-4423
-758
-126
-255
-186
-115
-112
-112
-109
-109
-106
-106
-103
9
114
30
109
157
78
65
-10
137
-76
13
84
84
71
-4
143
87
87
42
121
156
2
136
117
241
87
11
-38
1690
6245
9871
10156
7909
3632
884
1054
2058
2264
2071
1442
1134
1083
824
432
-2772
-9611
-16028
-18783
-17907
-14687
-10690
-4426
-788
-140
-120
-137
79
6
13
-131
85
-1
75
58
-82
7
78
65
102
239
147
-7
140
84
84
39
118
166
87
87
-70
19
45
124
127
127
130
130
66
-173
-248
811
3729
8135
9923
8252
5349
2258
1404
1603
1906
1654
1075
389
1206
2165
1181
-284
-2335
-6352
-13111
-17844
-15875
-12385
-12032
-11416
-7682
-4091
-2944
-2996
-2370
-1043
72
68
170
148
-82
7
65
102
239
147
105
242
150
153
211
-73
16
87
74
143
126
146
-67
22
-64
12
8
155
86
-21
123
-55
-154
1750
5727
9140
8924
6426
2730
1160
1556
1323
901
1395
3186
2508
495
-465
-869
-483
-270
-2844
-8447
-14950
-19339
-20023
-18544
-17874
-17694
-16998
-16263
-14798
-12081
-7010
-1951
-66
-13
134
33
112
160
49
46
36
52
206
94
-4
143
87
42
233
271
156
2
136
5
107
130
165
123
135
-9
69
17
164
735
3765
8328
9434
7470
4021
1216
926
1097
2264
3560
2473
708
-256
527
1547
1686
1416
1086
771
-2618
-9344
-16362
-20446
-21336
-22066
-23914
-24602
-23170
-19826
-16064
-8835
109
157
-79
10
81
-44
-109
61
-28
-18
-27
49
26
143
126
146
77
114
251
127
127
18
15
110
316
332
250
208
266
174
20
122
2756
8163
10957
9863
5988
1886
845
1431
2248
1220
605
781
1867
1795
1170
244
223
1078
1458
1519
700
-727
-1818
-2360
-3752
-7453
-14114
-22137
-24312
-20526
7
65
-10
137
81
36
115
163
84
71
28
21
19
233
271
169
45
124
172
-64
12
-5
179
215
327
286
139
139
174
132
269
46
-282
1687
7045
12012
11217
5916
-253
-1514
-2023
-1314
529
1408
1396
608
151
-348
-367
25
461
1158
862
284
160
-192
-784
-864
-200
-3054
-11341
-21840
121
102
239
160
81
-76
13
84
71
108
357
268
9
19
90
90
-67
22
93
-64
-7
29
3
-34
161
92
17
164
63
142
177
68
-16
-821
-1512
507
2082
-2334
-4309
-4102
-2541
-2
1772
2046
1778
595
333
-140
-631
-379
543
1443
1062
751
915
589
341
200
139
362
649
-3720
112
112
160
81
68
-20
196
267
222
314
293
74
-1
146
77
159
60
22
93
-51
-156
-402
-342
-83
57
60
139
174
20
193
318
-1281
-6441
-11567
-15500
-16957
-13180
-7425
-1997
-281
1188
1958
1763
1437
1279
701
425
-114
-604
-565
708
1846
1585
1546
1720
1516
1661
1358
918
987
1179
1040
-66
-59
-46
107
119
-967
-3426
-5532
-6817
-7062
-7505
-7827
-7774
-7653
-7217
-6191
-5771
-5156
-4536
-4125
-3572
-2870
-2534
-2181
-1520
-743
-146
-120
37
242
-2574
-10987
-16154
-16198
-12630
-7730
-3377
-240
979
1179
1347
851
330
129
589
648
498
-79
-847
-672
32
929
2004
2389
1712
1923
1831
1625
1481
1591
1336
867
-34
-181
-30
393
-1922
-8510
-12098
-13813
-14771
-15005
-15193
-15095
-15094
-15150
-14482
-13642
-13261
-12866
-12822
-12939
-12722
-12538
-12548
-12775
-12554
-11733
-10030
-7648
-4615
-4730
-10011
-7974
-3562
-711
488
490
245
74
60
141
369
4
-462
-468
195
853
754
-308
-806
-1121
-1097
814
961
258
1644
1430
1181
1171
1003
1032
839
232
78
-79
405
5
-5859
-7806
-5851
-5154
-4918
-4420
-3920
-3684
-4236
-5085
-5449
-5830
-6774
-7996
-9327
-10972
-12411
-13586
-14807
-16410
-17870
-18281
-17180
-15201
-12188
-9757
-4737
-389
-85
-26
373
202
-325
-693
-1018
-888
-800
-1029
-1434
-774
183
575
669
786
740
-79
1846
670
-251
1936
1527
840
818
817
361
196
-29
-441
78
-79
1446
1401
-459
1244
1502
633
467
543
421
537
72
-112
779
1286
1196
1239
1426
1187
843
521
39
-506
-1036
-2510
-5789
-9235
-7608
-3456
315
749
335
368
162
-376
-947
-1386
-1781
-1886
-2178
-2678
-2830
-2103
-2004
-1947
996
2436
1639
2596
1687
2281
3001
2193
1362
1327
1303
871
170
58
-70
-130
78
-66
3777
3344
1260
1285
1277
998
821
801
913
1265
555
430
1232
1330
1250
1165
1128
931
711
556
121
23
891
987
310
-408
-280
239
674
502
496
201
-409
-999
-1690
-2194
-2344
-2761
-3376
-4369
-5187
-4510
-5118
-3730
-922
-1111
-382
1973
3372
2419
1178
1222
1744
1718
1733
1395
829
873
665
298
78
-60
4223
4650
2780
1042
1069
1036
1382
1444
1686
1933
783
854
1356
1320
1208
1466
1531
1512
1549
1907
2026
1367
-56
-748
-1109
-1061
-375
-14
256
58
-28
-301
-905
-1600
-2137
-2447
-3073
-4075
-4685
-5695
-6898
-5216
-7066
-6910
-5746
-3675
1567
3209
801
305
1079
1703
1482
920
1143
1230
1151
1272
787
424
134
184
4142
6841
7064
5649
4437
4054
4193
3637
3025
2199
355
200
460
681
1006
1445
1706
1782
1916
2255
1759
-251
-2180
-2735
-2237
-932
-913
-837
-725
-966
-995
-1340
-1798
-2170
-2554
-3698
-5117
-5498
-4790
-4236
-5004
-5193
-7752
-7283
-5356
-396
0
-1741
-1277
571
1189
1465
993
358
207
651
1102
1320
872
516
224
105
2239
6807
10180
11366
11107
11079
10762
10046
9344
8295
6041
3978
2552
1990
1561
1540
1692
1692
1631
716
-1010
-1962
-2344
-2705
-1769
-1252
-1471
-1034
-933
-880
-920
-1366
-1808
-2827
-4780
-7380
-8389
-7230
-5600
-3769
-4179
-3452
-3765
-4397
-3809
-2624
-2694
-2221
-998
-551
61
747
849
629
500
786
1092
1458
1088
463
333
64
24
1448
4190
7112
8685
9497
10250
11397
12349
13076
12373
10815
10003
9240
8641
8000
7204
5678
3819
1046
-663
-526
-342
-148
-20
-674
-734
-394
-222
-369
-618
-899
-1512
-3496
-5205
-5320
-4647
-4443
-5481
-4792
-3183
-2236
-2804
-6175
-7892
-6062
-2555
-1365
-1200
-1505
-1062
-287
606
864
1231
1164
1314
1392
1037
730
488
175
-94
-310
-389
-452
-409
-431
-141
628
1869
4108
6728
8881
10502
11318
11932
11993
11936
11351
8610
3991
1935
1379
1033
630
-412
-1161
-1161
-652
-525
-949
-1243
-1554
-2017
-1113
1971
4724
5719
4789
3262
2931
3498
3803
3318
-1892
-8205
-9256
-6301
-3368
-2504
-2125
-1785
-792
-85
368
932
1075
1189
1064
863
1134
183
354
461
133
16
-25
-127
-376
-250
70
-51
-44
-143
-163
173
751
1660
3248
6406
10591
11090
9808
5562
2605
809
-114
-702
-744
-665
-397
-465
-1015
-1073
-581
1249
3874
4969
5239
4405
3186
3006
3254
3935
5302
7522
5546
-2788
-8527
-8506
-4200
-1817
-1127
-1083
-621
-221
323
646
815
1295
1175
943
790
-157
103
412
146
143
87
74
-46
180
172
-19
-153
-123
-175
-41
-28
67
45
667
4767
10911
13589
12691
10516
7492
4504
3902
3617
3188
2709
1984
1900
2896
4429
4854
3867
2328
1370
678
643
950
1114
3572
7229
7921
6337
2072
-4942
-7960
-5942
-2846
-1182
-648
-564
-381
-87
274
903
1564
1455
1166
470
-401
-203
59
258
293
74
98
160
228
93
93
-32
-97
-39
-163
-38
-82
-354
-341
289
4171
10062
14984
16934
12325
7290
6213
5790
5842
6375
6695
6704
5982
4786
3102
1199
1483
2459
3779
5198
4883
4548
7411
8203
6064
4216
2743
-2111
-7025
-8362
-5366
-2576
-1282
-898
-555
-176
223
557
1092
1338
1152
858
-188
-246
-108
265
306
169
89
134
45
93
93
61
58
48
-48
4
-219
-51
-45
-150
-284
931
3709
8492
6053
3227
2563
2807
4219
5659
6273
5221
2926
929
140
2349
5806
7017
7353
7094
4431
3048
3196
3229
2716
2049
2288
854
-4324
-8774
-8518
-5831
-3024
-1154
-330
164
561
505
970
1265
1580
1813
-76
-144
-128
75
153
-34
-149
-352
-253
-34
93
-19
-166
-54
-16
-6
-140
28
-13
-160
-205
-78
678
5543
4721
2437
1211
1477
1818
2137
1594
-517
-1948
-41
2839
4933
4936
3688
2806
2443
-640
-2269
-3102
-1867
368
505
285
1888
121
-5097
-8708
-8311
-6887
-4145
-1295
-182
371
423
777
1162
1677
1559
-76
-144
-83
-196
-221
-104
-127
-363
-319
-57
93
93
-64
25
96
96
-61
28
99
-58
-113
-35
381
5271
6532
5352
1384
-39
-468
-488
-499
-378
2327
4311
3859
2217
1118
805
867
1120
-766
-2401
-2794
-1472
-247
-1231
-2360
601
2299
-439
-4423
-7526
-8580
-8714
-6812
-2300
-580
-47
541
1107
1441
1463
-76
-144
61
-104
-63
87
87
-70
-138
22
93
93
-64
25
96
96
-48
-41
-41
11
33
-88
-62
3107
7702
8328
6446
3151
701
665
2182
3834
4285
3438
2165
1078
662
364
442
742
150
-268
-831
-1076
-2629
-3814
-2111
-227
1794
1963
-1037
-2426
-4290
-8006
-9847
-8521
-4397
-1739
-532
116
863
1406
-63
-200
-23
-116
-53
-40
87
-70
-138
22
93
93
-64
25
96
96
-29
-94
44
64
9
136
72
262
4011
8464
10452
9764
8864
6834
3114
2273
1973
2088
1926
1324
525
-129
-460
-875
-1588
-1523
-2209
-3447
-4648
-3604
-692
-452
557
2813
200
-1143
601
475
-5180
-8565
-8672
-6046
-2852
-1524
-367
478
-44
-221
-41
-107
-162
-132
-40
-70
-138
22
93
93
-64
25
96
96
51
130
66
-160
-205
47
36
-291
114
2350
6416
10521
13109
8612
3387
1925
1114
1247
1348
923
226
-655
-1253
-1571
-2421
-4075
-4761
-1833
-1221
-1210
1302
259
87
2684
2698
-1020
-812
3309
4196
-720
-6128
-7187
-5765
-3441
-2864
-3001
49
46
36
84
-28
-175
-63
-70
-138
22
93
93
-64
25
96
96
-61
28
99
-58
-126
79
-86
-189
-176
-300
71
1420
6630
4861
2091
1166
342
128
67
-35
-99
318
-559
-4590
-7578
-5920
-1350
2742
1272
318
2862
1721
426
1607
4439
1741
-1691
-1349
3384
5363
2372
-2316
-4075
-4433
-3182
-2627
165
-51
-79
153
198
-4
143
-70
-138
22
93
93
-64
25
96
96
-61
28
99
-58
-113
122
-111
-78
-266
-413
-285
250
5390
4569
2788
691
-134
-597
-840
-1058
-347
1070
-3044
-6462
-4183
-180
2687
4429
1636
1043
3833
3490
1054
1458
4422
4396
773
-1838
-794
2698
5380
3840
1220
266
1375
1994
409
130
164
402
202
49
39
-70
-138
22
93
93
-64
25
96
96
-61
28
86
11
46
0
-134
34
-52
-120
-72
-68
4601
6626
6203
2356
424
-489
-873
-641
785
911
-955
547
478
1383
2819
4140
896
1263
3778
4637
2330
1434
2946
5145
3798
857
-2209
-1257
1787
4205
3759
2427
1464
2116
196
141
197
310
99
21
64
-83
-69
149
93
93
-64
25
96
96
-61
28
67
64
54
102
-55
34
-52
-120
40
-158
2424
7256
9094
8920
6648
3056
1202
793
-67
-1669
981
1094
223
1481
2841
4225
283
927
2991
5096
3452
1238
2134
3593
4131
3990
549
-2217
-813
409
1773
2920
2911
2115
84
-73
16
199
301
268
166
-115
53
172
93
93
-64
25
96
96
-61
28
-13
-160
-48
102
-55
34
-65
-51
154
23
250
3048
7768
12153
12615
10928
7758
3641
2636
3300
4666
1367
752
1281
2754
4300
-643
-102
2013
4783
4070
1225
2388
2596
2647
4501
3953
-311
-2023
-1488
-1524
-1167
9
1150
71
-4
156
31
-109
-40
87
-227
-49
93
93
93
-64
25
96
96
-48
-41
-41
11
158
102
-55
34
-84
2
31
76
-46
-289
662
4435
10095
13394
13837
13856
11598
7901
5858
1324
1387
1223
2400
4699
-855
-848
1678
3711
4096
1060
1924
2410
1237
2961
5147
3250
-375
-1489
-721
-1259
-2192
-1521
