20
20
21
21
21
21
21
21
22
23
22
22
23
23
23
23
23
23
23
24
24
24
24
25
25
26
25
27
27
27
28
28
29
29
29
29
30
30
31
31
31
31
32
32
32
33
34
34
35
35
35
36
36
36
36
37
37
37
38
38
38
39
39
39
20
20
21
21
21
21
21
21
22
22
22
22
23
23
23
23
23
23
23
24
24
24
25
26
25
26
27
26
27
28
28
28
29
29
29
30
30
30
31
31
31
32
32
33
34
34
34
35
35
35
36
36
36
37
37
37
37
38
38
39
39
39
40
41
20
21
21
21
21
21
21
21
22
22
22
23
23
23
23
23
23
24
24
24
25
25
25
26
26
27
27
27
28
28
28
29
29
29
30
30
30
31
31
31
32
32
32
34
34
34
35
35
35
36
36
37
37
37
37
38
38
38
39
40
40
40
41
41
20
21
21
21
22
22
21
22
22
22
24
23
23
23
23
23
23
24
24
24
25
25
25
26
26
27
27
28
28
28
29
29
29
29
30
30
31
31
31
32
32
32
34
34
34
35
35
36
36
36
37
37
37
37
38
38
38
38
40
40
41
41
41
42
21
21
21
22
22
22
22
22
22
23
24
23
23
23
24
24
24
24
24
24
26
26
26
26
27
26
27
28
28
28
29
29
30
30
30
30
31
31
32
32
32
33
34
35
35
35
35
36
36
36
37
37
38
38
38
38
39
40
40
41
41
41
42
42
21
21
21
22
22
22
22
22
23
24
24
23
23
24
24
24
24
24
24
24
25
26
26
26
27
27
28
28
28
29
29
29
30
30
30
31
31
32
32
32
33
34
35
35
35
35
36
36
37
37
37
37
38
38
38
39
40
40
40
41
41
42
42
43
21
21
21
22
22
22
22
22
24
24
24
24
24
24
24
24
24
24
24
24
25
25
26
27
27
28
28
28
29
29
29
30
30
30
31
31
31
32
33
33
34
34
35
35
35
36
36
36
37
37
37
38
38
38
39
39
40
41
41
41
42
42
43
43
21
21
21
22
22
22
22
23
24
24
24
23
24
24
24
24
24
24
24
24
25
26
26
26
26
28
28
28
29
29
29
30
30
30
31
31
32
32
34
34
34
35
35
35
35
36
36
36
37
37
37
38
38
39
39
39
40
41
41
42
42
42
43
43
21
21
22
22
22
22
22
23
24
24
24
24
24
25
24
24
24
24
24
25
25
25
26
27
26
28
28
28
29
29
30
30
30
31
31
31
32
33
34
34
34
35
35
35
36
36
36
37
37
37
38
38
39
39
39
40
41
41
41
42
42
43
43
43
21
21
22
22
22
22
22
23
24
24
24
25
24
25
24
24
24
24
24
25
25
25
27
27
27
28
29
29
29
29
30
30
30
31
31
31
32
33
34
34
34
35
35
36
36
36
37
37
37
38
38
38
39
39
40
41
41
41
42
42
43
43
43
44
21
21
21
22
22
22
22
23
23
23
23
24
24
24
24
24
24
24
24
25
25
25
26
27
27
28
28
29
29
29
30
30
31
31
31
31
32
32
34
34
34
35
35
36
36
36
37
37
38
38
38
38
39
39
40
41
41
41
42
42
43
43
44
44
21
21
21
22
22
22
22
22
23
23
23
24
24
25
24
24
24
24
24
25
25
26
27
27
28
28
29
29
29
30
30
31
31
31
31
32
32
33
34
34
35
35
35
36
36
36
37
37
38
38
38
39
39
40
41
41
41
42
42
43
43
44
44
44
21
21
21
22
22
22
22
23
23
23
23
24
25
25
24
24
24
24
25
25
26
26
27
27
28
28
29
29
29
30
30
31
31
31
31
32
33
34
33
34
35
35
36
36
36
36
37
37
38
38
39
39
40
41
41
41
42
42
43
43
44
44
45
45
21
21
21
22
22
22
23
23
23
24
24
24
24
25
24
24
24
25
25
25
27
27
27
28
28
29
29
29
30
30
31
31
32
32
32
33
33
34
35
35
35
35
36
36
36
37
37
38
38
38
39
39
41
41
41
42
42
43
43
44
44
44
45
45
21
21
21
22
22
22
24
23
23
23
24
24
24
24
24
24
24
25
25
26
27
27
28
28
28
29
29
30
30
31
31
32
32
32
33
34
35
35
35
35
35
36
36
37
37
37
38
38
38
39
39
40
41
42
42
42
43
43
44
45
45
45
45
46
21
21
21
22
22
23
24
23
24
24
25
24
24
24
24
25
25
26
26
27
27
27
27
28
29
29
29
30
31
31
32
32
32
33
34
35
35
35
36
36
36
37
37
37
37
38
38
38
39
39
40
40
42
42
43
43
43
43
44
45
45
46
46
47
21
21
22
22
22
23
24
24
24
25
25
24
25
25
25
25
25
20
2
0
9
21
27
28
29
29
30
30
31
31
31
32
32
33
34
35
35
36
36
36
36
37
37
38
38
38
38
39
39
39
40
41
42
43
43
43
44
44
45
45
46
46
47
47
21
21
22
22
23
24
24
24
24
25
25
25
25
25
26
26
22
-9
-19
-24
-27
-24
-7
15
28
30
31
31
31
32
32
33
33
34
35
35
36
36
37
37
37
38
38
38
38
39
39
39
39
40
42
42
43
43
43
44
44
45
45
46
46
47
47
48
21
21
22
23
23
24
24
24
25
25
25
24
25
25
25
26
9
-12
-18
-22
-24
-25
-26
-29
-20
14
30
31
31
32
33
33
34
34
35
36
36
37
37
37
38
38
38
38
38
39
39
40
40
40
42
43
43
44
44
44
45
45
46
46
46
47
48
49
22
22
22
24
24
24
24
24
25
25
25
25
24
25
25
27
6
-8
-14
-18
-20
-22
-23
-24
-28
-36
-4
27
31
31
32
33
34
34
34
36
36
37
37
37
38
38
39
39
39
39
40
40
40
41
42
43
43
44
45
45
45
46
46
46
47
48
49
50
22
22
22
24
24
24
25
25
25
24
25
25
25
25
26
28
12
-5
-10
-14
-17
-19
-19
-21
-25
-28
-27
-20
8
28
32
33
34
35
35
36
37
37
37
38
38
39
39
40
40
40
41
41
42
42
43
43
44
44
45
45
46
46
46
47
48
49
50
50
22
22
23
24
24
24
25
25
24
25
25
26
26
26
27
27
25
7
-6
-11
-14
-15
-16
-18
-20
-19
-20
-22
-26
-21
-2
20
32
34
35
36
37
37
37
38
39
39
40
40
40
42
42
42
42
43
43
43
44
45
45
46
46
47
47
48
49
50
51
51
22
22
24
24
24
24
25
26
25
26
26
26
27
26
27
27
28
28
12
-5
-9
-11
-14
-13
-12
-13
-15
-19
-22
-25
-28
-30
-17
13
34
36
37
38
38
38
39
40
40
41
41
42
42
43
43
43
44
44
44
45
46
46
47
47
48
49
50
51
51
51
24
23
25
25
25
25
26
26
26
26
26
26
27
27
27
27
28
29
30
20
1
-4
-9
-9
-7
-8
-11
-16
-19
-21
-24
-27
-30
-36
-15
27
37
38
38
38
39
40
40
41
41
42
42
43
43
43
44
45
45
46
46
47
47
48
49
50
50
51
51
51
24
24
24
25
25
25
26
26
26
27
27
27
27
27
27
28
28
29
30
30
27
11
-5
-4
-2
-4
-6
-10
-15
-19
-22
-24
-27
-32
-37
-29
23
37
38
39
40
40
41
42
42
43
44
44
44
44
45
45
46
47
47
47
48
49
49
50
50
51
51
52
24
24
25
25
25
25
26
26
26
27
27
27
27
28
28
28
28
29
30
30
31
30
22
6
3
0
-4
-8
-11
-15
-19
-21
-24
-27
-30
-33
-29
11
37
39
39
40
41
42
43
43
44
44
44
45
45
46
47
47
47
49
49
50
50
50
51
51
52
52
25
25
25
25
26
26
26
26
27
27
27
27
28
28
28
28
28
29
30
30
30
31
31
29
19
5
-1
-6
-9
-12
-15
-17
-20
-20
-22
-24
-27
-30
-8
26
38
40
41
42
43
44
44
45
45
45
46
46
47
47
49
49
49
50
50
51
51
52
52
52
25
25
25
26
26
26
26
27
27
27
27
27
28
28
28
29
29
29
29
30
30
31
31
31
34
25
6
-1
-7
-11
-12
-12
-12
-13
-16
-18
-21
-25
-26
-25
-3
32
40
42
43
44
45
45
45
46
47
47
48
49
49
50
50
51
51
52
52
53
53
53
25
25
25
26
26
26
26
27
27
27
28
28
28
28
28
29
29
29
29
30
30
31
31
31
32
34
31
10
-3
-8
-10
-10
-8
-6
-8
-12
-17
-20
-22
-24
-27
-25
7
37
44
44
44
45
45
46
47
47
49
49
50
50
51
51
52
52
53
53
53
53
25
25
25
26
26
26
26
27
27
28
28
28
28
28
29
29
29
29
29
30
30
31
31
31
32
33
34
34
18
-2
-6
-7
-6
-3
-3
-7
-13
-17
-20
-22
-25
-28
-29
-23
3
32
42
45
46
46
47
47
48
49
49
50
50
51
51
52
52
53
53
54
25
25
26
26
26
26
26
27
27
28
28
28
28
28
29
29
29
29
30
30
30
31
31
32
32
33
34
34
36
28
9
-2
-5
-3
-2
-4
-9
-14
-19
-21
-23
-26
-27
-26
-26
-23
-11
12
40
45
46
47
48
49
49
50
50
51
51
52
52
53
53
54
25
25
26
26
26
26
27
27
27
28
28
28
28
29
29
29
29
29
30
30
31
31
32
32
33
33
33
34
35
36
36
20
2
-1
0
-3
-8
-12
-17
-20
-24
-24
-22
-24
-26
-26
-25
-27
-20
15
41
47
47
48
49
50
50
50
51
52
52
53
54
55
25
25
26
26
26
27
27
27
28
28
28
28
28
29
29
29
29
29
30
30
31
31
32
32
33
33
33
35
35
35
36
36
30
10
0
-2
-6
-10
-15
-21
-21
-16
-20
-25
-27
-28
-28
-25
-18
-14
-17
-18
0
24
33
33
36
43
51
52
53
53
54
55
25
25
26
26
27
27
27
28
28
28
29
28
28
29
29
29
30
30
30
30
31
31
32
33
33
33
34
34
35
35
36
36
37
37
14
-4
-6
-11
-15
-17
-11
-10
-20
-26
-29
-27
-24
-18
-13
-13
-17
-25
-33
-38
-38
-34
-32
-31
-20
4
37
53
54
55
25
26
26
26
27
27
27
27
28
28
28
28
29
29
29
29
30
30
30
31
31
32
32
33
33
34
34
35
35
36
36
36
37
38
40
21
-3
-11
-14
-12
-7
-7
-18
-26
-26
-19
-16
-13
-13
-13
-17
-24
-31
-38
-40
-40
-39
-38
-37
-37
-39
-8
39
54
25
26
26
26
27
27
27
28
28
28
28
28
28
29
30
30
30
30
31
31
31
32
32
33
34
35
35
35
36
36
36
37
37
38
39
41
29
-2
-10
-8
-6
-14
-22
-23
-20
-16
-14
-13
-15
-15
-19
-26
-31
-37
-40
-40
-40
-40
-39
-37
-37
-38
-39
0
25
26
26
27
27
27
27
28
28
28
28
29
29
29
30
30
30
30
31
31
31
32
33
34
34
35
35
35
36
36
37
37
37
37
38
40
42
30
-11
-18
-22
-24
-22
-17
-14
-12
-14
-13
-16
-19
-22
-26
-31
-37
-38
-38
-40
-40
-39
-37
-36
-37
-38
-39
26
26
27
27
27
27
27
28
28
28
29
29
29
29
30
30
30
30
31
31
31
32
32
33
35
35
35
36
36
36
37
37
38
37
29
12
-6
-22
-27
-25
-24
-19
-14
-11
-9
-10
-13
-14
-18
-22
-24
-25
-29
-35
-36
-36
-37
-36
-36
-36
-35
-35
-36
-36
26
26
27
27
27
27
28
29
29
29
30
29
29
30
30
30
31
30
31
31
31
31
32
33
34
35
35
36
36
37
37
35
8
-20
-32
-35
-34
-30
-24
-21
-18
-13
-11
-9
-9
-9
-12
-16
-20
-25
-25
-24
-27
-30
-30
-32
-32
-32
-32
-32
-31
-33
-34
-35
26
26
26
27
27
25
11
-1
-9
-11
-12
-14
-14
-13
-11
-6
-2
1
5
8
11
16
19
22
25
30
34
35
35
36
30
-9
-25
-31
-32
-32
-31
-26
-22
-18
-14
-11
-10
-10
-9
-10
-12
-17
-24
-26
-27
-28
-26
-24
-30
-28
-28
-29
-29
-29
-29
-31
-34
-36
26
26
26
27
24
-8
-22
-24
-27
-28
-28
-27
-26
-27
-26
-24
-23
-23
-24
-26
-28
-28
-28
-29
-30
-29
-22
-9
6
14
-14
-23
-27
-32
-32
-30
-28
-25
-21
-18
-13
-11
-11
-12
-10
-9
-12
-19
-27
-27
-32
-23
-24
-33
-23
-26
-27
-27
-27
-28
-29
-32
-36
-38
26
26
26
27
4
-14
-18
-23
-27
-27
-26
-26
-26
-27
-25
-21
-20
-21
-22
-23
-25
-26
-27
-29
-30
-30
-29
-27
-26
-24
-21
-22
-28
-31
-30
-28
-27
-25
-22
-19
-16
-15
-16
-14
-11
-11
-16
-17
-18
-27
-16
-23
-26
-18
-21
-24
-25
-25
-27
-29
-31
-35
-37
-40
26
26
26
27
-1
-13
-17
-22
-25
-25
-25
-24
-24
-26
-22
-18
-18
-19
-20
-22
-24
-26
-28
-31
-31
-26
-25
-26
-25
-22
-21
-23
-28
-29
-29
-29
-28
-27
-25
-22
-21
-22
-24
-22
-19
-26
-18
-15
-21
-18
-21
-15
-13
-19
-19
-20
-21
-22
-26
-29
-31
-35
-38
-40
26
26
26
26
-1
-13
-17
-20
-23
-22
-22
-21
-21
-23
-17
-15
-15
-17
-18
-20
-22
-24
-26
-28
-26
-25
-25
-27
-26
-22
-21
-24
-27
-28
-29
-30
-31
-31
-29
-28
-30
-32
-35
-35
-29
-36
-23
-26
-27
-14
-4
-14
-17
-16
-16
-17
-19
-20
-24
-28
-30
-35
-38
-39
26
26
26
28
9
-12
-17
-19
-19
-18
-17
-16
-18
-20
-14
-13
-14
-14
-15
-17
-19
-20
-20
-21
-27
-30
-30
-29
-24
-23
-23
-26
-29
-30
-32
-34
-35
-34
-35
-38
-42
-45
-49
-49
-45
-55
-46
-37
-14
-7
-14
-14
-12
-12
-13
-17
-19
-21
-23
-26
-30
-35
-37
-38
26
27
27
28
27
16
5
-1
-1
-3
-7
-11
-16
-19
-15
-13
-13
-13
-13
-14
-16
-17
-20
-26
-33
-37
-37
-30
-27
-27
-27
-30
-32
-34
-37
-39
-41
-44
-51
-54
-52
-50
-46
-55
-55
-53
-48
-27
-18
-18
-19
-15
-13
-11
-12
-16
-20
-22
-23
-25
-29
-34
-37
-37
26
27
27
28
29
30
31
31
31
31
30
26
20
10
1
-2
-6
-8
-10
-11
-13
-15
-26
-34
-36
-39
-35
-30
-29
-28
-29
-31
-33
-36
-40
-44
-53
-65
-74
-75
-72
-71
-67
-64
-65
-63
-55
-33
-23
-20
-17
-15
-13
-12
-13
-15
-18
-19
-22
-24
-28
-33
-36
-35
28
28
27
27
28
29
29
30
30
31
31
31
32
32
33
33
31
29
24
16
3
-12
-25
-33
-35
-34
-30
-30
-30
-30
-30
-33
-37
-40
-44
-53
-64
-66
-63
-62
-63
-65
-63
-59
-58
-58
-66
-57
-32
-25
-21
-21
-18
-16
-14
-16
-17
-18
-20
-23
-28
-32
-32
-33
28
28
28
28
28
29
29
29
29
30
31
31
32
32
32
33
33
33
33
34
29
-3
-20
-29
-31
-32
-33
-34
-34
-33
-33
-36
-41
-46
-54
-58
-53
-51
-48
-50
-54
-52
-49
-46
-45
-45
-55
-69
-54
-35
-25
-21
-20
-18
-16
-16
-16
-17
-20
-23
-28
-30
-31
-36
28
28
29
29
28
29
29
29
29
31
31
31
31
32
32
33
33
33
34
35
34
30
2
-19
-28
-30
-31
-31
-31
-32
-34
-40
-44
-46
-45
-44
-44
-43
-45
-50
-53
-51
-47
-39
-31
-33
-47
-63
-67
-45
-30
-23
-20
-18
-17
-16
-16
-17
-18
-21
-26
-28
-33
-35
27
27
29
29
29
29
29
29
30
31
31
31
31
31
32
32
33
33
33
33
34
35
35
26
14
-8
-13
-15
-16
-19
-24
-29
-32
-33
-34
-36
-41
-44
-48
-48
-45
-42
-34
-15
-13
-30
-44
-59
-71
-58
-38
-26
-21
-19
-18
-17
-17
-17
-18
-20
-24
-29
-33
-32
27
27
28
29
30
29
29
30
31
31
31
31
31
32
32
32
33
32
33
33
34
34
35
36
30
-1
-6
-9
-10
-9
-10
-13
-18
-24
-30
-39
-38
-32
-30
-26
-24
-26
-11
-4
-9
-28
-47
-56
-67
-72
-54
-35
-25
-21
-19
-17
-16
-16
-18
-19
-23
-27
-28
-30
27
27
28
29
30
30
29
30
30
31
31
31
31
31
32
32
32
32
33
33
33
34
35
35
31
2
-4
-6
-4
-3
-4
-10
-21
-32
-37
-31
-20
-17
-18
-18
-19
-23
-12
-11
-20
-33
-49
-57
-59
-71
-68
-53
-37
-24
-19
-17
-15
-16
-17
-19
-22
-23
-26
-28
27
27
28
29
29
29
29
29
29
30
31
31
31
31
32
32
32
32
33
33
33
34
35
35
36
9
-3
-4
-4
-4
-8
-19
-33
-30
-22
-17
-15
-15
-16
-16
-18
-23
-24
-25
-28
-39
-54
-63
-58
-62
-71
-61
-56
-46
-25
-19
-15
-16
-17
-18
-19
-21
-24
-26
27
27
28
29
28
29
29
29
29
30
31
31
31
31
32
32
32
32
33
33
33
34
34
35
36
32
5
-4
-6
-9
-13
-19
-17
-15
-13
-13
-14
-14
-15
-16
-18
-22
-23
-28
-35
-49
-63
-63
-59
-57
-64
-67
-53
-58
-58
-32
-20
-18
-18
-17
-18
-19
-21
-23
27
27
28
29
28
29
29
29
29
30
31
31
31
31
32
32
32
32
32
33
34
34
35
35
35
37
34
18
2
-7
-10
-13
-12
-9
-8
-10
-12
-14
-15
-16
-20
-26
-30
-35
-49
-69
-68
-61
-61
-55
-57
-68
-57
-47
-55
-64
-43
-27
-22
-20
-19
-18
-19
-19
27
27
27
28
28
28
29
29
29
30
31
31
31
31
32
32
32
32
33
33
33
34
35
35
35
36
37
38
36
28
0
-6
-7
-6
-5
-7
-11
-15
-19
-23
-28
-30
-36
-53
-63
-72
-67
-57
-61
-54
-52
-59
-64
-45
-40
-47
-58
-52
-33
-26
-23
-20
-19
-18
27
27
28
28
28
28
28
29
29
30
31
31
31
31
32
32
32
32
33
33
33
34
35
34
35
36
37
38
38
35
4
-2
-5
-5
-5
-8
-12
-16
-21
-25
-33
-50
-60
-59
-60
-70
-61
-52
-58
-53
-48
-50
-59
-52
-38
-35
-42
-50
-51
-35
-32
-34
-34
-29
27
27
27
28
28
28
28
29
29
30
31
31
31
31
32
32
32
32
33
33
33
34
35
34
35
35
36
37
38
37
5
0
-4
-6
-8
-11
-16
-19
-21
-47
-65
-64
-56
-52
-54
-64
-53
-45
-50
-53
-42
-41
-48
-55
-43
-32
-31
-34
-39
-43
-33
-22
-26
-33
28
28
27
28
29
28
29
29
29
30
31
31
31
31
32
32
32
32
33
33
33
34
34
34
35
35
36
37
37
39
16
0
-5
-8
-12
-16
-19
-18
-30
-55
-61
-58
-50
-46
-49
-59
-44
-38
-41
-48
-37
-35
-36
-44
-46
-39
-28
-28
-27
-27
-32
-29
-19
-16
28
28
28
29
29
28
28
29
29
30
31
31
31
31
32
32
32
32
33
33
34
34
34
34
35
35
36
37
37
38
37
13
-2
-9
-14
-18
-17
-23
-50
-53
-59
-53
-44
-40
-45
-53
-35
-32
-30
-40
-35
-28
-32
-31
-39
-42
-33
-21
-26
-20
-13
-18
-20
-13
28
28
28
29
29
29
29
29
29
31
31
31
31
31
32
32
32
32
33
33
33
34
34
34
35
35
36
37
37
38
39
40
32
9
-8
-12
-24
-39
-44
-47
-56
-45
-40
-33
-40
-50
-29
-26
-21
-31
-33
-20
-29
-25
-25
-37
-38
-27
-21
-24
-19
-8
-9
-13
28
28
28
29
29
29
29
29
29
31
31
31
31
31
32
32
32
32
33
33
33
34
34
34
35
35
37
37
38
38
38
40
42
42
27
3
-12
-24
-33
-41
-52
-38
-37
-28
-35
-48
-25
-18
-16
-21
-30
-15
-23
-26
-17
-22
-34
-32
-26
-18
-21
-20
-6
-4
28
28
29
29
28
28
29
29
29
31
31
31
31
31
32
32
32
32
32
33
34
34
34
34
35
35
36
37
37
38
38
39
40
42
43
40
23
-4
-23
-33
-47
-28
-34
-22
-29
-45
-22
-11
-15
-13
-27
-14
-16
-21
-18
-13
-24
-28
-27
-23
-14
-18
-18
-5
