-128
-128
-128
-123
-128
-128
-101
-128
-128
-128
-128
-123
-128
-128
-101
-128
-128
-128
-128
-123
-128
-128
-101
-128
-128
-128
-128
-123
-128
-128
-100
-128
-128
-128
-128
-123
-128
-128
-100
-128
-128
-128
-128
-122
-128
-128
-100
-128
-128
-128
-128
-122
-128
-128
-100
-128
-128
-128
-128
-122
-128
-128
-99
-128
-127
-128
-128
-121
-128
-127
-100
-128
-123
-123
-112
-107
-128
-113
-103
-128
-128
-128
-88
-102
-128
-117
-84
-116
-126
-118
-114
-121
-128
-125
-92
-128
-128
-128
-128
-122
-128
-128
-99
-128
-128
-128
-128
-122
-128
-128
-99
-128
-128
-128
-127
-123
-128
-128
-100
-128
-128
-128
-128
-123
-128
-128
-101
-128
-128
-128
-127
-122
-128
-128
-100
-128
-128
-128
-128
-122
-128
-128
-100
-128
-128
-128
-127
-122
-128
-128
-99
-128
-128
-128
-127
-122
-128
-128
-99
-128
-128
-128
-128
-122
-128
-128
-99
-128
-128
-128
-128
-122
-128
-128
-99
-128
-119
-123
-128
-122
-128
-125
-99
-128
-105
-108
-114
-117
-128
-116
-115
-116
-128
-128
-82
-112
-128
-121
-81
-99
-124
-116
-109
-122
-128
-125
-87
-128
-128
-128
-128
-122
-128
-128
-98
-128
-128
-128
-128
-122
-128
-128
-98
-128
-128
-128
-127
-122
-128
-128
-101
-128
-128
-128
-128
-122
-128
-128
-101
-128
-128
-128
-127
-122
-128
-128
-101
-128
-128
-128
-123
-122
-128
-128
-98
-128
-128
-128
-120
-122
-128
-128
-96
-128
-128
-128
-125
-122
-128
-128
-99
-128
-128
-128
-128
-122
-128
-128
-99
-128
-128
-128
-128
-122
-128
-128
-99
-128
-119
-122
-128
-122
-128
-128
-99
-128
-103
-106
-122
-127
-128
-123
-114
-119
-128
-127
-83
-115
-128
-128
-80
-99
-125
-118
-103
-119
-128
-125
-79
-128
-128
-128
-128
-122
-128
-128
-98
-128
-128
-128
-128
-122
-128
-128
-98
-128
-128
-128
-128
-122
-128
-128
-101
-128
-128
-128
-128
-122
-128
-128
-101
-128
-128
-128
-128
-122
-128
-128
-100
-128
-125
-126
-118
-111
-128
-118
-102
-128
-128
-128
-98
-103
-128
-117
-89
-126
-128
-124
-109
-116
-128
-128
-88
-128
-128
-128
-127
-122
-128
-128
-99
-128
-128
-128
-128
-122
-128
-128
-98
-128
-119
-123
-128
-122
-128
-128
-99
-128
-104
-107
-127
-128
-128
-125
-113
-122
-128
-125
-85
-113
-128
-124
-83
-104
-123
-116
-101
-116
-128
-125
-76
-128
-128
-128
-127
-122
-128
-128
-97
-128
-128
-128
-128
-122
-128
-128
-97
-128
-128
-128
-128
-123
-128
-128
-100
-128
-128
-128
-128
-123
-128
-128
-100
-128
-127
-127
-128
-123
-128
-128
-99
-128
-111
-113
-122
-124
-128
-117
-106
-128
-128
-127
-92
-107
-128
-116
-93
-120
-128
-123
-92
-109
-128
-123
-84
-128
-127
-122
-117
-121
-128
-128
-92
-128
-128
-128
-128
-122
-128
-128
-97
-128
-120
-124
-128
-122
-128
-128
-97
-128
-103
-107
-126
-127
-128
-124
-117
-124
-128
-128
-86
-110
-128
-113
-92
-110
-126
-121
-78
-99
-128
-120
-78
-114
-127
-119
-105
-118
-128
-128
-87
-128
-128
-128
-127
-121
-128
-128
-97
-128
-128
-128
-128
-122
-128
-128
-99
-128
-128
-128
-128
-122
-128
-128
-99
-128
-128
-128
-128
-122
-128
-128
-99
-128
-105
-106
-128
-126
-128
-126
-99
-128
-112
-114
-107
-124
-128
-122
-100
-124
-128
-128
-95
-110
-128
-119
-86
-123
-128
-124
-99
-111
-128
-128
-84
-128
-128
-126
-122
-121
-128
-128
-97
-128
-120
-123
-128
-121
-128
-128
-96
-128
-102
-105
-127
-128
-128
-123
-116
-124
-124
-121
-107
-118
-128
-107
-116
-124
-128
-128
-78
-99
-128
-109
-83
-106
-128
-119
-85
-102
-128
-108
-82
-128
-128
-122
-111
-113
-128
-128
-84
-128
-128
-128
-128
-122
-128
-128
-99
-128
-128
-128
-128
-122
-128
-128
-98
-128
-128
-128
-128
-122
-128
-128
-98
-128
-123
-123
-128
-122
-128
-128
-97
-128
-109
-108
-124
-128
-128
-127
-103
-128
-126
-125
-99
-110
-128
-114
-103
-125
-128
-128
-91
-105
-128
-118
-82
-121
-127
-122
-105
-113
-128
-127
-82
-128
-123
-126
-128
-121
-128
-128
-96
-128
-105
-108
-128
-124
-127
-122
-114
-126
-121
-121
-124
-128
-128
-121
-116
-125
-127
-122
-101
-121
-128
-116
-103
-109
-128
-127
-85
-106
-128
-107
-94
-122
-128
-121
-94
-102
-128
-114
-82
-128
-128
-128
-128
-122
-128
-128
-98
-128
-128
-128
-128
-122
-128
-128
-98
-128
-128
-128
-128
-122
-128
-128
-97
-128
-128
-128
-128
-122
-128
-128
-96
-128
-102
-104
-128
-127
-128
-126
-97
-128
-107
-109
-112
-125
-128
-123
-104
-124
-128
-128
-90
-110
-128
-117
-91
-122
-128
-123
-91
-108
-128
-127
-80
-128
-111
-112
-125
-117
-128
-116
-96
-128
-108
-116
-125
-117
-128
-112
-120
-127
-121
-122
-122
-126
-128
-117
-119
-127
-125
-122
-105
-118
-124
-109
-111
-111
-128
-122
-99
-116
-128
-108
-104
-123
-128
-124
-93
-105
-128
-108
-100
-128
-128
-128
-128
-122
-128
-128
-97
-128
-128
-128
-128
-122
-128
-128
-97
-128
-128
-128
-127
-121
-128
-128
-96
-128
-128
-128
-128
-121
-128
-128
-96
-128
-122
-122
-128
-121
-128
-128
-95
-128
-106
-104
-122
-128
-128
-128
-95
-128
-117
-120
-110
-118
-128
-116
-103
-128
-128
-128
-90
-100
-128
-105
-90
-125
-102
-100
-114
-109
-128
-101
-97
-128
-116
-120
-126
-125
-127
-116
-116
-124
-117
-115
-112
-127
-123
-114
-121
-113
-127
-122
-91
-124
-114
-110
-106
-102
-127
-123
-102
-125
-128
-116
-103
-118
-123
-125
-118
-120
-128
-116
-110
-128
-128
-128
-128
-121
-128
-128
-96
-128
-128
-128
-128
-121
-128
-128
-96
-128
-128
-128
-128
-121
-128
-128
-96
-128
-128
-128
-128
-121
-128
-128
-95
-128
-128
-128
-128
-121
-128
-128
-94
-128
-109
-109
-128
-121
-128
-128
-94
-128
-103
-104
-121
-128
-128
-127
-107
-128
-128
-125
-112
-121
-128
-111
-108
-124
-113
-113
-115
-123
-128
-111
-109
-126
-118
-120
-128
-128
-128
-124
-112
-128
-112
-113
-111
-128
-114
-111
-124
-103
-128
-123
-92
-126
-114
-112
-100
-93
-121
-121
-112
-127
-128
-116
-104
-127
-118
-119
-113
-120
-120
-110
-120
-113
-128
-128
-128
-121
-128
-128
-96
-128
-128
-128
-128
-121
-128
-128
-96
-128
-128
-128
-128
-121
-128
-128
-95
-128
-128
-128
-127
-120
-128
-128
-94
-128
-128
-128
-127
-120
-128
-128
-93
-128
-127
-127
-128
-120
-128
-128
-93
-128
-98
-101
-128
-128
-128
-128
-97
-128
-108
-112
-115
-126
-128
-118
-107
-126
-126
-123
-115
-126
-128
-121
-108
-127
-117
-117
-125
-126
-128
-123
-113
-128
-112
-111
-109
-128
-116
-117
-117
-102
-128
-127
-96
-118
-122
-109
-100
-95
-117
-117
-112
-114
-128
-101
-110
-127
-116
-117
-105
-122
-115
-103
-116
-104
-128
-128
-128
-121
-128
-128
-95
-128
-128
-128
-128
-121
-128
-128
-95
-128
-128
-128
-128
-121
-128
-128
-94
-128
-128
-128
-128
-121
-128
-128
-93
-128
-128
-128
-127
-120
-128
-128
-93
-128
-128
-128
-128
-120
-128
-128
-92
-128
-104
-105
-128
-121
-128
-128
-92
-128
-104
-107
-128
-128
-128
-128
-108
-128
-125
-124
-120
-123
-128
-118
-113
-126
-122
-120
-114
-122
-128
-118
-108
-121
-117
-116
-122
-128
-128
-124
-109
-120
-115
-114
-114
-128
-114
-105
-115
-118
-115
-115
-109
-125
-114
-103
-119
-114
-123
-117
-101
-128
-117
-110
-111
-106
-128
-128
-128
-121
-128
-128
-95
-128
-128
-128
-128
-121
-128
-128
-94
-128
-128
-128
-128
-120
-128
-128
-93
-128
-128
-128
-128
-120
-128
-128
-93
-128
-128
-128
-128
-120
-128
-128
-92
-128
-128
-128
-128
-120
-128
-128
-91
-128
-125
-126
-128
-120
-128
-128
-91
-128
-99
-105
-128
-128
-126
-126
-109
-128
-121
-120
-114
-123
-128
-115
-115
-121
-128
-124
-112
-125
-128
-116
-108
-119
-120
-119
-119
-126
-128
-121
-109
-128
-118
-117
-126
-128
-128
-124
-116
-122
-112
-111
-114
-128
-114
-120
-117
-112
-123
-119
-100
-128
-116
-114
-108
-107
-128
-128
-128
-121
-128
-128
-94
-128
-128
-128
-128
-121
-128
-128
-94
-128
-128
-128
-128
-120
-128
-128
-92
-128
-128
-128
-128
-120
-128
-128
-92
-128
-128
-128
-128
-120
-128
-128
-91
-128
-128
-128
-128
-119
-128
-128
-90
-128
-128
-128
-128
-119
-128
-128
-90
-128
-92
-98
-128
-128
-127
-124
-104
-128
-116
-117
-115
-127
-125
-117
-114
-121
-128
-125
-114
-125
-128
-118
-113
-124
-126
-125
-119
-124
-128
-118
-113
-128
-124
-123
-120
-125
-128
-121
-115
-128
-116
-112
-122
-127
-128
-123
-115
-122
-117
-114
-107
-128
-118
-119
-106
-109
