-126
-117
-17
-123
-126
-117
-17
-123
-126
-117
-17
-123
-126
-117
-16
-123
-126
-117
-17
-123
-126
-117
-17
-123
-126
-117
-17
-123
-126
-117
-16
-123
-126
-117
-16
-123
-126
-117
-15
-123
-125
-116
-14
-123
-126
-116
-13
-123
-126
-116
-12
-123
-126
-116
-11
-123
-126
-116
-11
-123
-126
-116
-11
-123
-126
-116
-11
-123
-126
-116
-10
-123
-126
-116
-10
-123
-126
-116
-10
-123
-126
-116
-10
-123
-126
-115
-9
-123
-126
-116
-8
-123
-126
-115
-7
-122
-126
-115
-7
-123
-126
-116
-8
-123
-126
-116
-8
-123
-126
-116
-8
-123
-126
-116
-8
-123
-126
-115
-7
-123
-126
-115
-7
-123
-126
-117
-17
-123
-126
-117
-16
-123
-126
-117
-16
-123
-126
-117
-16
-123
-126
-117
-16
-123
-126
-117
-16
-123
-126
-117
-16
-123
-126
-117
-15
-123
-126
-116
-14
-123
-125
-116
-13
-123
-126
-116
-12
-123
-126
-116
-12
-123
-126
-116
-11
-123
-126
-116
-10
-123
-126
-116
-10
-123
-126
-116
-10
-123
-126
-116
-10
-123
-126
-116
-9
-123
-126
-116
-9
-123
-125
-116
-9
-123
-126
-115
-15
-118
-128
-105
-15
-113
-126
-105
-8
-113
-126
-115
-7
-122
-126
-115
-6
-123
-126
-115
-6
-123
-126
-115
-6
-123
-126
-115
-7
-123
-126
-115
-7
-123
-126
-115
-7
-123
-126
-115
-6
-123
-126
-117
-17
-123
-126
-117
-16
-123
-126
-117
-16
-123
-126
-117
-16
-123
-126
-117
-16
-123
-126
-117
-15
-123
-126
-117
-14
-123
-125
-116
-13
-123
-126
-116
-13
-123
-126
-116
-12
-123
-126
-116
-12
-123
-126
-116
-11
-123
-126
-116
-11
-123
-126
-116
-10
-123
-126
-116
-10
-123
-126
-115
-9
-123
-126
-116
-9
-123
-126
-116
-9
-123
-126
-115
-8
-123
-128
-126
-24
-126
-127
-122
-53
-121
-121
-111
-39
-113
-123
-101
-9
-106
-126
-115
-6
-123
-126
-115
-6
-123
-126
-115
-6
-123
-126
-115
-6
-123
-126
-115
-7
-123
-126
-115
-7
-123
-126
-115
-7
-123
-126
-115
-6
-123
-126
-117
-16
-123
-126
-116
-15
-123
-125
-117
-14
-123
-126
-117
-14
-123
-126
-117
-14
-123
-126
-116
-15
-123
-126
-116
-14
-123
-126
-116
-13
-123
-126
-116
-12
-123
-126
-116
-12
-123
-126
-116
-11
-122
-126
-116
-10
-123
-126
-116
-9
-123
-126
-115
-9
-123
-126
-116
-9
-123
-126
-115
-8
-123
-126
-115
-8
-123
-126
-115
-8
-123
-126
-115
-7
-123
-127
-128
-52
-128
-125
-126
-74
-121
-121
-119
-58
-117
-118
-104
-14
-107
-126
-115
-5
-123
-125
-115
-5
-123
-126
-115
-5
-123
-126
-115
-6
-123
-126
-115
-6
-123
-126
-115
-6
-123
-126
-115
-6
-123
-126
-115
-6
-123
-126
-117
-15
-123
-125
-117
-14
-122
-126
-116
-13
-123
-126
-116
-13
-123
-126
-117
-14
-123
-126
-116
-14
-123
-126
-116
-13
-123
-126
-116
-12
-122
-126
-116
-12
-123
-126
-116
-12
-123
-126
-116
-11
-122
-126
-115
-9
-123
-126
-116
-9
-123
-126
-115
-8
-123
-126
-115
-8
-123
-126
-115
-7
-123
-126
-115
-7
-123
-126
-115
-7
-123
-126
-115
-6
-123
-125
-128
-57
-128
-124
-128
-78
-122
-121
-121
-62
-117
-118
-103
-16
-106
-126
-114
-4
-122
-126
-115
-4
-123
-126
-115
-4
-123
-126
-115
-4
-123
-126
-115
-4
-123
-126
-115
-4
-123
-126
-115
-4
-123
-126
-115
-4
-123
-126
-117
-14
-123
-126
-116
-14
-123
-126
-116
-14
-123
-126
-116
-13
-123
-126
-116
-13
-123
-126
-116
-13
-123
-126
-116
-13
-123
-126
-116
-12
-123
-126
-116
-12
-123
-126
-116
-11
-123
-126
-115
-10
-122
-126
-115
-9
-123
-126
-115
-8
-123
-126
-115
-8
-123
-126
-115
-8
-123
-126
-115
-7
-123
-126
-115
-7
-123
-126
-115
-7
-123
-126
-115
-6
-123
-125
-128
-58
-128
-124
-127
-78
-121
-123
-124
-66
-119
-118
-100
-20
-104
-126
-110
-3
-117
-126
-115
-3
-123
-126
-115
-3
-123
-126
-115
-4
-123
-126
-115
-4
-123
-126
-115
-4
-123
-126
-115
-4
-123
-126
-115
-4
-123
-126
-117
-14
-123
-126
-116
-13
-123
-126
-116
-13
-123
-126
-116
-13
-123
-126
-116
-13
-123
-126
-116
-12
-123
-126
-116
-13
-123
-126
-116
-12
-123
-126
-116
-11
-123
-125
-116
-10
-123
-126
-116
-9
-123
-126
-115
-8
-123
-126
-115
-8
-123
-126
-115
-7
-123
-126
-115
-7
-123
-126
-115
-6
-123
-126
-115
-6
-123
-126
-115
-6
-123
-126
-115
-5
-123
-124
-128
-56
-128
-123
-127
-75
-122
-122
-126
-69
-122
-117
-101
-28
-105
-126
-105
-2
-110
-126
-115
-2
-123
-126
-114
-3
-123
-126
-115
-3
-123
-126
-115
-3
-123
-126
-115
-3
-123
-126
-115
-3
-123
-126
-115
-3
-123
-126
-116
-14
-123
-126
-116
-13
-123
-126
-116
-13
-123
-126
-116
-13
-123
-126
-116
-13
-123
-126
-116
-13
-123
-126
-116
-12
-123
-125
-116
-11
-122
-126
-116
-12
-119
-128
-109
-14
-115
-126
-107
-9
-115
-126
-115
-8
-123
-126
-115
-7
-123
-126
-115
-6
-123
-126
-115
-6
-123
-126
-115
-6
-123
-126
-115
-5
-123
-126
-115
-5
-123
-126
-115
-5
-123
-124
-128
-51
-128
-123
-126
-70
-121
-124
-125
-65
-121
-118
-105
-31
-108
-126
-103
-1
-107
-126
-114
-1
-123
-126
-114
-2
-123
-126
-114
-2
-123
-126
-114
-2
-123
-126
-114
-2
-123
-126
-114
-2
-123
-126
-114
-2
-123
-126
-116
-13
-123
-126
-116
-13
-123
-126
-116
-13
-123
-126
-116
-13
-123
-126
-116
-13
-123
-126
-116
-12
-123
-126
-116
-11
-123
-126
-121
-14
-123
-127
-119
-44
-120
-125
-115
-38
-115
-123
-104
-15
-110
-126
-107
-7
-114
-126
-115
-6
-123
-126
-115
-6
-123
-126
-115
-6
-123
-126
-115
-5
-123
-126
-115
-4
-123
-126
-115
-4
-123
-126
-115
-4
-123
-124
-128
-48
-128
-125
-126
-71
-121
-125
-125
-65
-121
-117
-108
-35
-110
-125
-101
-2
-106
-126
-114
0
-123
-126
-114
-1
-123
-126
-114
-1
-123
-126
-114
-1
-123
-126
-114
-1
-123
-126
-114
-1
-123
-126
-114
-1
-123
-126
-116
-12
-123
-126
-116
-12
-123
-126
-116
-12
-123
-126
-116
-12
-123
-126
-116
-12
-123
-126
-116
-11
-123
-125
-116
-9
-123
-128
-121
-23
-128
-123
-125
-67
-120
-125
-123
-63
-120
-122
-111
-35
-111
-124
-103
-9
-110
-126
-111
-5
-119
-126
-115
-5
-123
-126
-115
-4
-123
-126
-115
-4
-123
-126
-114
-4
-123
-126
-115
-3
-123
-126
-115
-3
-123
-125
-128
-47
-128
-125
-127
-75
-121
-125
-125
-68
-120
-119
-115
-43
-113
-122
-100
-6
-106
-126
-107
0
-116
-126
-114
0
-123
-126
-114
0
-123
-126
-114
0
-123
-126
-114
-1
-123
-126
-114
0
-123
-126
-114
0
-123
-126
-116
-12
-123
-126
-116
-11
-123
-126
-116
-10
-123
-126
-116
-10
-123
-126
-116
-10
-123
-126
-116
-9
-123
-126
-115
-9
-123
-127
-116
-11
-124
-120
-128
-54
-125
-124
-125
-70
-120
-124
-121
-57
-118
-122
-104
-25
-110
-127
-103
-5
-110
-126
-114
-4
-123
-126
-114
-3
-123
-126
-114
-3
-123
-126
-114
-2
-123
-126
-114
-2
-123
-126
-115
-2
-123
-125
-128
-45
-128
-125
-128
-80
-122
-125
-126
-72
-120
-124
-124
-62
-118
-123
-103
-31
-107
-128
-96
-2
-103
-126
-112
1
-122
-126
-114
1
-123
-126
-114
1
-123
-126
-114
1
-123
-126
-114
1
-123
-126
-114
1
-123
-126
-116
-10
-123
-126
-116
-10
-123
-126
-115
-9
-123
-126
-115
-9
-123
-126
-116
-8
-123
-126
-115
-8
-123
-126
-115
-7
-123
-126
-115
-7
-123
-121
-128
-40
-128
-120
-124
-74
-119
-124
-122
-62
-119
-121
-119
-41
-116
-121
-105
-11
-111
-126
-108
-3
-116
-126
-114
-2
-123
-126
-114
-1
-123
-126
-114
0
-123
-126
-114
1
-123
-126
-114
1
-123
-126
-128
-43
-128
-124
-128
-84
-123
-123
-127
-79
-120
-126
-128
-83
-124
-123
-123
-72
-115
-116
-97
-18
-98
-127
-108
1
-111
-126
-106
2
-115
-126
-113
2
-123
-126
-114
2
-123
-126
-114
1
-123
-126
-114
1
-123
-126
-115
-9
-123
-126
-115
-8
-123
-126
-115
-8
-123
-126
-115
-7
-123
-126
-115
-7
-123
-126
-115
-7
-123
-126
-115
-6
-123
-126
-115
-5
-123
-128
-116
-10
-126
-116
-128
-54
-124
-123
-122
-63
-118
-125
-121
-50
-119
-124
-111
-26
-112
-125
-103
-4
-111
-126
-110
0
-119
-126
-114
0
-123
-126
-113
1
-123
-126
-113
2
-123
-126
-113
2
-123
-125
-128
-36
-128
-121
-128
-81
-122
-125
-128
-84
-123
-122
-128
-91
-123
-123
-128
-88
-122
-118
-110
-50
-105
-126
-112
-25
-114
-124
-102
-7
-111
-126
-101
3
-111
-126
-114
4
-123
-126
-114
3
-123
-126
-113
3
-123
-126
-115
-8
-123
-126
-115
-8
-123
-126
-115
-7
-123
-126
-115
-7
-123
-126
-115
-6
-123
-126
-115
-6
-123
-126
-115
-5
-123
-126
-115
-4
-123
-126
-114
-4
-123
-120
-123
-27
-128
-120
-124
-69
-119
-125
-122
-59
-119
-125
-121
-49
-119
-123
-104
-22
-110
-128
-101
-1
-109
-126
-113
1
-122
-126
-113
2
-123
-126
-113
3
-123
-126
-113
3
-123
-127
-125
-21
-128
-121
-128
-72
-123
-124
-128
-81
-124
-122
-128
-84
-123
-124
-128
-89
-124
-121
-119
-67
-114
-125
-121
-53
-119
-121
-115
-32
-114
-122
-99
0
-108
-126
-111
5
-121
-126
-113
5
-123
-126
-113
5
-123
-126
-115
-7
-123
-126
-115
-7
-123
-126
-115
-6
-123
-126
-115
-6
-123
-126
-115
-5
-123
-126
-115
-4
-123
-126
-114
-3
-123
-126
-114
-3
-123
-126
-114
-2
-123
-126
-115
-3
-124
-120
-128
-50
-126
-125
-125
-69
-120
-125
-123
-61
-120
-123
-120
-47
-116
-121
-100
-12
-108
-126
-103
2
-111
-126
-113
3
-123
-126
-113
4
-123
-126
-113
4
-123
-128
-128
-15
-128
-124
-128
-68
-123
-124
-128
-77
-123
-125
-128
-82
-124
-124
-128
-89
-124
-122
-119
-71
-114
-124
-119
-53
-115
-125
-124
-53
-122
-119
-104
-18
-104
-128
-108
-4
-113
-128
-101
3
-112
-126
-108
7
-119
-126
-115
-7
-123
-126
-115
-6
-123
-126
-115
-5
-123
-126
-115
-5
-123
-126
-115
-4
-123
-126
-114
-3
-123
-126
-114
-2
-123
-126
-114
-1
-123
-126
-114
0
-122
-126
-114
0
-123
-121
-128
-36
-128
-120
-126
-77
-120
-124
-123
-68
-119
-124
-122
-57
-119
-121
-113
-31
-112
-122
-101
-2
-109
-126
-108
5
-118
-126
-113
5
-123
-125
-119
3
-123
-128
-128
-52
-124
-126
-128
-76
-122
-126
-128
-79
-123
-126
-128
-85
-123
-126
-128
-92
-124
-122
-120
-78
-113
-125
-121
-65
-114
-124
-121
-65
-117
-123
-120
-51
-118
-125
-120
-41
-119
-121
-100
-15
-110
-127
-96
7
-105
-126
-115
-6
-123
-126
-115
-5
-123
-126
-115
-4
-123
-126
-115
-4
-123
-126
-114
-4
-123
-126
-114
-3
-123
-126
-114
-1
-123
-126
-114
1
-123
-126
-113
1
-123
-126
-114
2
-123
-128
-115
-5
-127
-116
-128
-60
-123
-123
-123
-71
-117
-124
-120
-56
-118
-124
-121
-48
-120
-121
-106
-20
-110
-127
-101
3
-109
-126
-110
5
-121
-128
-128
-24
-128
-124
-128
-78
-123
-124
-128
-84
-122
-125
-128
-85
-123
-126
-128
-92
-124
-126
-128
-102
-124
-122
-125
-87
-114
-125
-126
-84
-119
-120
-122
-65
-117
-123
-123
-55
-120
-125
-125
-53
-123
-121
-117
-40
-113
-120
-94
0
-104
-126
-115
-4
-123
-126
-115
-4
-123
-126
-114
-3
-123
-126
-114
-3
-123
-126
-114
-2
-123
-126
-114
-1
-123
-126
-113
1
-122
-126
-113
2
-123
-126
-113
3
-123
-126
-113
4
-123
-126
-113
4
-123
-117
-121
-21
-128
-115
-125
-68
-118
-124
-121
-61
-118
-126
-121
-51
-119
-126
-122
-45
-119
-122
-98
-14
-107
-128
-97
2
-106
-128
-128
-51
-128
-123
-128
-84
-122
-124
-128
-84
-123
-126
-128
-88
-124
-126
-128
-99
-125
-122
-128
-113
-117
-121
-128
-98
-116
-120
-124
-76
-116
-120
-124
-64
-117
-125
-123
-57
-120
-127
-126
-58
-123
-125
-126
-64
-121
-120
-98
-25
-103
-126
-114
-4
-123
-126
-114
-2
-123
-126
-114
-1
-123
-126
-114
0
-123
-126
-114
0
-123
-126
-113
0
-123
-126
-113
2
-122
-126
-113
3
-123
-126
-113
4
-123
-126
-113
5
-123
-126
-113
6
-123
-127
-113
6
-123
-116
-128
-31
-128
-118
-125
-71
-120
-125
-124
-64
-120
-126
-123
-60
-120
-123
-119
-45
-114
-123
-108
-27
-107
-124
-128
-66
-123
-122
-128
-76
-123
-124
-128
-78
-124
-125
-128
-88
-126
-126
-128
-113
-128
-121
-128
-115
-115
-123
-127
-99
-120
-121
-122
-73
-113
-125
-126
-65
-121
-125
-127
-65
-122
-126
-127
-69
-122
-125
-128
-74
-122
-122
-115
-61
-106
-126
-114
-2
-123
-126
-114
-2
-123
-126
-114
0
-122
-126
-114
1
-123
-126
-114
1
-123
-126
-114
2
-123
-126
-113
3
-123
-126
-113
4
-123
-126
-113
5
-123
-126
-112
6
-123
-126
-112
7
-123
-126
-112
8
-123
-128
-114
3
-126
-118
-128
-47
-125
-125
-127
-73
-121
-124
-124
-69
-121
-122
-124
-58
-120
-125
-128
-62
-123
-123
-126
-70
-121
-123
-127
-67
-123
-124
-128
-71
-126
-126
-128
-88
-128
-121
-128
-126
-128
-120
-128
-118
-115
-119
-125
-96
-115
-121
-122
-73
-112
-125
-126
-68
-121
-127
-128
-72
-124
-128
-128
-86
-124
-124
-128
-110
-122
-124
-127
-98
-115
-126
-114
-1
-123
-126
-114
1
-123
-126
-114
2
-123
-126
-113
2
-123
-126
-113
2
-123
-126
-113
3
-123
-126
-113
4
-123
-126
-113
5
-123
-126
-112
6
-122
-126
-112
8
-123
-126
-112
9
-123
-126
-112
10
-123
-126
-112
10
-123
-120
-124
-22
-128
-118
-127
-74
-122
-122
-125
-68
-118
-124
-123
-62
-118
-124
-126
-70
-123
-122
-125
-62
-120
-124
-126
-61
-123
-126
-128
-70
-126
-125
-128
-94
-128
-122
-128
-125
-128
-120
-128
-117
-118
-117
-123
-84
-116
-119
-124
-72
-117
-124
-128
-73
-123
-127
-128
-82
-125
-123
-128
-117
-123
-120
-128
-108
-121
-119
-128
-92
-121
-126
-114
0
-122
-126
-113
2
-123
-126
-113
2
-123
-126
-113
3
-123
-126
-113
3
-123
-126
-113
3
-123
-126
-113
4
-123
-126
-112
6
-123
-126
-112
7
-123
-126
-112
8
-122
-126
-112
10
-123
-126
-111
12
-123
-126
-111
12
-123
-126
-112
11
-124
-119
-128
-44
-127
-125
-128
-78
-121
-124
-126
-77
-122
-122
-124
-65
-120
-123
-124
-59
-121
-125
-126
-60
-124
-126
-128
-67
-126
-124
-128
-96
-128
-123
-128
-125
-126
-120
-126
-106
-115
-116
-121
-71
-111
-122
-125
-65
-118
-127
-128
-77
-124
-128
-128
-99
-126
-122
-128
-118
-117
-122
-128
-103
-117
-123
-127
-90
-116
-126
-113
2
-123
-126
-113
2
-123
-126
-113
3
-123
-126
-113
4
-123
-126
-113
4
-123
-126
-113
4
-123
-126
-113
6
-123
-126
-112
7
-123
-126
-112
8
-123
-126
-111
10
-122
-126
-111
12
-122
-126
-111
13
-122
-126
-111
14
-123
-126
-111
15
-123
-122
-128
-25
-128
-122
-128
-78
-124
-122
-126
-69
-120
-122
-125
-63
-121
-125
-124
-59
-121
-126
-125
-60
-122
-126
-127
-69
-126
-123
-128
-95
-128
-120
-128
-115
-127
-118
-126
-106
-112
-124
-125
-84
-112
-128
-126
-84
-119
-128
-128
-100
-123
-121
-128
-128
-125
-119
-128
-120
-121
-118
-128
-102
-121
-118
-128
-91
-123
-126
-113
3
-123
-126
-113
4
-123
-126
-113
4
-123
-126
-113
4
-123
-126
-113
5
-123
-126
-113
6
-123
-126
-112
6
-123
-126
-112
7
-123
-126
-112
8
-123
-126
-111
11
-122
-126
-111
13
-123
-126
-111
14
-122
-126
-111
15
-123
-126
-111
16
-123
-128
-114
4
-128
-117
-128
-53
-124
-121
-126
-65
-121
-125
-127
-65
-123
-126
-127
-66
-122
-125
-124
-68
-122
-126
-124
-69
-120
-119
-128
-73
-124
-119
-128
-80
-127
-119
-128
-106
-127
-120
-128
-122
-119
-124
-128
-121
-120
-124
-128
-127
-122
-121
-128
-123
-121
-121
-128
-109
-117
-122
-124
-89
-116
-121
-123
-70
-116
-126
-113
4
-123
-126
-113
4
-123
-126
-113
5
-123
-126
-113
6
-123
-126
-113
6
-123
-126
-112
7
-123
-126
-112
8
-123
-126
-112
9
-123
-126
-112
11
-123
-126
-111
12
-123
-126
-111
13
-123
-126
-111
15
-123
-126
-110
17
-123
-126
-110
18
-123
-127
-111
17
-123
-118
-128
-24
-128
-125
-126
-66
-122
-126
-128
-68
-123
-125
-128
-75
-124
-123
-127
-80
-122
-122
-124
-67
-119
-120
-125
-62
-118
-125
-128
-67
-125
-124
-128
-79
-128
-119
-128
-97
-128
-119
-128
-124
-123
-121
-128
-127
-120
-122
-128
-120
-119
-121
-128
-107
-121
-121
-128
-90
-118
-122
-123
-73
-117
-126
-113
4
-123
-126
-113
5
-123
-126
-113
6
-123
-126
-112
7
-123
-126
-112
7
-123
-126
-112
9
-123
-126
-112
10
-123
-126
-112
11
-123
-126
-111
13
-123
-126
-111
14
-123
-126
-111
15
-123
-126
-110
17
-123
-126
-110
18
-123
-126
-110
20
-123
-126
-110
19
-123
-126
-127
-16
-128
-121
-127
-74
-121
-126
-128
-79
-121
-126
-127
-80
-120
-122
-127
-77
-120
-123
-124
-64
-118
-125
-124
-65
-122
-124
-127
-64
-124
-125
-128
-70
-125
-125
-128
-75
-125
-120
-128
-92
-128
-120
-128
-119
-125
-120
-128
-120
-119
-120
-127
-103
-117
-122
-125
-86
-116
-122
-124
-72
-119
-126
-113
5
-123
-126
-113
6
-123
-126
-112
7
-123
-126
-112
8
-123
-126
-112
9
-123
-126
-112
10
-123
-126
-111
12
-123
-126
-111
13
-123
-126
-111
14
-123
-126
-111
15
-123
-126
-110
17
-123
-126
-110
18
-122
-126
-110
20
-122
-126
-110
21
-122
-126
-110
21
-123
-128
-117
8
-128
-123
-128
-75
-122
-124
-128
-92
-122
-123
-127
-84
-120
-122
-127
-77
-120
-122
-125
-70
-119
-124
-125
-64
-121
-125
-125
-63
-122
-124
-128
-67
-124
-124
-128
-70
-124
-125
-128
-73
-125
-119
-128
-99
-128
-120
-128
-109
-118
-119
-128
-105
-122
-119
-124
-90
-117
-123
-122
-75
-117
-126
-113
6
-123
-126
-112
7
-123
-126
-112
8
-123
-126
-112
10
-123
-126
-112
10
-123
-126
-112
11
-123
-126
-111
13
-123
-126
-111
14
-123
-126
-111
15
-123
-126
-110
17
-123
-126
-110
18
-123
-126
-110
20
-122
-126
-109
22
-122
-126
-109
23
-123
-126
-110
23
-123
-128
-114
13
-127
-124
-128
-71
-126
-124
-128
-97
-122
-124
-128
-88
-120
-124
-128
-80
-121
-124
-126
-72
-121
-125
-126
-67
-121
-126
-125
-67
-122
-125
-126
-67
-123
-125
-127
-68
-123
-125
-127
-68
-123
-124
-128
-74
-126
-117
-128
-103
-117
-124
-125
-93
-115
-120
-128
-92
-122
-120
-121
-77
-116
-126
-112
7
-123
-126
-112
8
-122
-126
-112
10
-123
-126
-112
11
-123
-126
-112
11
-123
-126
-111
13
-123
-126
-111
14
-123
-126
-111
15
-123
-126
-111
17
-123
-126
-110
18
-123
-126
-110
20
-123
-126
-110
22
-122
-126
-109
23
-123
-126
-109
24
-122
-126
-109
24
-123
-127
-110
21
-125
-121
-128
-58
-128
-123
-128
-97
-123
-123
-128
-89
-120
-124
-128
-82
-121
-124
-127
-76
-121
-126
-127
-75
-121
-125
-126
-72
-121
-125
-126
-70
-122
-125
-126
-69
-122
-125
-126
-68
-122
-126
-127
-70
-123
-119
-128
-87
-128
-118
-124
-93
-115
-125
-124
-80
-117
-121
-128
-80
-124
-126
-112
9
-122
-126
-112
10
-123
-126
-112
11
-123
-126
-111
12
-123
-126
-111
13
-123
-126
-111
14
-123
-126
-110
15
-122
-126
-110
17
-123
-126
-110
18
-123
-126
-110
20
-123
-126
-109
22
-123
-126
-109
23
-123
-126
-109
24
-123
-126
-109
26
-122
-126
-109
25
-123
-126
-109
26
-123
-119
-128
-35
-128
-121
-128
-93
-123
-123
-128
-89
-121
-124
-128
-85
-122
-125
-128
-84
-122
-125
-128
-81
-121
-126
-128
-78
-121
-126
-127
-76
-121
-126
-126
-73
-121
-126
-126
-71
-121
-125
-126
-70
-121
-126
-128
-75
-125
-119
-128
-88
-121
-120
-123
-75
-118
-123
-128
-70
-124
-126
-112
10
-122
-126
-112
11
-123
-126
-111
12
-123
-126
-111
13
-123
-126
-111
14
-123
-126
-111
15
-123
-126
-110
16
-123
-126
-110
18
-123
-126
-110
20
-123
-126
-109
22
-122
-126
-109
24
-122
-126
-109
24
-123
-126
-109
26
-122
-126
-108
26
-122
-127
-108
27
-123
-126
-109
28
-123
-122
-115
3
-128
-116
-128
-73
-122
-124
-128
-90
-121
-125
-128
-89
-122
-126
-128
-91
-122
-125
-128
-91
-122
-125
-128
-89
-122
-124
-128
-85
-121
-125
-128
-83
-121
-124
-127
-76
-120
-125
-126
-72
-121
-126
-127
-72
-122
-122
-124
-80
-120
-120
-122
-66
-119
-123
-122
-63
-121
