20
20
20
20
21
21
21
21
21
21
21
21
21
21
21
21
21
21
21
22
22
22
22
24
24
24
25
25
25
25
25
25
25
25
25
25
25
26
26
26
26
26
26
26
26
26
26
28
28
28
27
27
27
27
27
27
27
27
27
28
28
28
28
28
20
20
21
21
21
21
21
21
21
21
21
21
21
21
21
21
21
21
21
22
22
22
22
23
24
24
25
25
25
25
25
25
25
25
26
26
26
26
26
26
26
26
26
26
26
27
27
28
28
28
27
27
27
27
27
27
27
27
27
28
28
28
28
28
21
21
21
21
21
21
21
21
22
22
21
21
21
21
21
21
22
22
22
22
22
23
24
25
24
25
25
25
25
25
26
26
26
26
26
26
26
27
27
26
26
26
26
26
26
27
27
27
28
29
29
28
28
28
28
28
27
28
27
27
28
28
28
29
21
21
21
21
22
22
22
22
22
22
22
22
22
22
22
22
22
22
23
24
24
24
24
25
25
25
25
26
26
26
26
26
26
26
26
26
27
27
27
27
27
27
27
26
28
28
28
27
28
29
29
29
29
29
29
29
28
28
28
28
29
29
29
29
21
21
21
22
22
22
22
22
22
22
22
22
22
22
22
22
22
23
23
24
24
24
24
25
25
25
26
26
26
26
26
26
26
27
27
27
27
27
27
27
24
4
-1
-1
9
27
29
28
28
28
29
30
30
29
28
28
28
28
28
29
29
29
29
28
21
21
21
22
22
22
22
22
22
22
22
22
22
22
22
23
23
24
24
24
24
24
24
25
25
25
26
26
26
26
26
26
27
27
27
27
27
27
27
25
-8
-14
-13
-13
-12
16
30
29
29
29
29
29
30
29
29
29
28
28
28
28
28
29
29
28
21
21
21
21
22
22
22
22
22
22
22
22
22
23
24
24
24
24
24
24
25
25
25
26
26
26
26
26
26
26
26
27
27
27
27
27
27
27
28
11
-22
-18
-17
-17
-17
5
31
29
29
29
29
29
29
29
29
29
29
28
28
29
28
29
29
29
21
21
21
22
22
22
22
23
23
23
23
22
23
23
23
23
24
24
24
24
25
25
26
26
26
26
26
27
27
27
27
27
27
28
27
28
28
28
29
-1
-24
-23
-22
-20
-19
-1
31
30
29
29
29
30
30
29
29
29
29
29
29
29
29
29
29
29
22
22
22
22
22
23
24
24
24
24
23
23
23
23
23
24
24
24
25
25
25
24
25
26
26
26
27
27
27
27
27
27
28
28
28
28
28
28
29
-9
-27
-27
-25
-23
-19
-1
31
30
29
29
30
31
30
29
29
29
29
29
29
29
29
29
29
29
23
22
22
22
23
24
24
24
24
24
23
23
23
24
23
24
25
25
25
25
24
25
26
26
27
27
27
27
27
28
28
28
28
28
28
28
28
28
29
-11
-28
-27
-25
-22
-18
-3
31
31
30
31
31
31
31
30
30
30
30
30
30
30
30
31
31
31
22
22
22
24
24
24
24
24
24
24
23
23
23
24
24
25
25
25
25
25
25
25
26
26
27
27
27
27
28
28
28
28
28
29
28
28
28
29
30
-12
-28
-26
-25
-22
-17
-7
30
31
31
31
31
31
31
31
31
31
31
31
31
31
31
31
31
31
22
22
23
23
23
23
24
23
24
25
24
24
24
24
24
24
24
25
24
25
25
26
26
26
27
27
27
27
28
28
28
28
28
28
28
28
29
29
29
-14
-27
-26
-24
-21
-16
-11
26
31
31
31
31
31
31
31
31
31
31
31
31
31
31
31
31
31
23
23
23
23
23
23
24
24
24
24
24
24
25
24
24
24
25
25
25
24
25
26
27
27
27
27
28
28
28
28
28
28
28
28
29
28
29
29
29
-14
-26
-26
-24
-21
-18
-16
20
32
32
31
31
31
31
31
31
31
31
31
31
31
31
31
31
31
23
23
23
23
23
24
24
24
25
25
24
25
25
25
24
24
25
25
25
25
25
26
26
27
27
28
28
28
28
28
28
29
29
29
29
29
29
29
30
-13
-27
-27
-26
-23
-20
-19
10
32
32
32
31
32
31
31
31
31
31
31
31
31
31
31
31
31
23
23
23
23
24
24
24
24
24
24
24
24
24
24
24
24
25
26
25
25
26
27
27
27
27
28
28
28
28
29
29
29
29
29
29
30
30
30
30
-11
-26
-25
-22
-17
-14
-15
1
33
32
32
32
32
32
32
32
32
32
32
32
32
32
32
32
32
23
23
23
23
24
24
24
24
24
24
24
24
24
24
24
25
25
26
26
27
28
27
27
27
28
28
28
29
29
29
29
29
29
29
29
30
30
30
30
-6
-24
-21
-18
-15
-13
-13
-2
33
33
33
32
32
32
32
32
32
32
32
32
32
32
32
32
32
23
23
23
23
24
24
24
24
24
24
24
24
24
24
24
25
25
22
9
6
12
25
28
28
28
28
28
29
29
29
29
29
29
30
30
30
30
30
31
-2
-23
-20
-18
-15
-14
-13
-6
31
33
33
33
33
32
32
32
32
32
32
32
32
32
32
32
32
23
23
24
24
24
24
24
24
24
24
24
24
24
25
25
26
20
-9
-12
-8
-5
7
28
29
29
29
29
29
29
29
29
29
29
30
30
30
30
30
30
1
-23
-21
-19
-17
-14
-13
-8
29
33
33
33
32
32
32
32
32
32
32
32
32
32
32
32
32
23
23
24
24
24
24
24
24
24
24
24
24
25
25
25
26
2
-19
-18
-14
-10
-6
12
30
30
30
30
29
29
29
30
30
30
30
30
31
31
31
31
5
-24
-22
-20
-18
-15
-13
-10
24
33
34
33
33
33
33
33
32
33
33
33
33
33
33
33
32
24
24
24
24
24
24
24
24
25
25
25
25
25
25
26
27
0
-24
-22
-18
-14
-11
-5
20
30
30
30
30
30
30
30
30
30
30
31
31
31
31
31
8
-26
-23
-22
-20
-17
-14
-11
16
34
35
33
33
33
33
33
33
33
33
33
33
33
33
33
33
24
24
25
25
26
25
25
25
25
25
25
25
26
27
27
27
9
-27
-24
-20
-17
-14
-9
1
27
31
30
30
30
30
30
31
31
31
31
31
31
31
31
11
-28
-25
-24
-22
-19
-16
-13
3
29
34
34
34
33
33
33
34
33
33
33
33
34
33
33
34
24
24
25
25
26
26
25
26
25
25
25
26
26
27
27
27
21
-24
-25
-22
-19
-15
-11
-4
11
30
31
31
31
31
31
31
31
31
32
32
32
32
31
16
-28
-26
-26
-24
-20
-17
-15
-12
-3
30
35
34
34
34
34
34
34
34
34
34
34
34
34
34
24
25
25
25
26
26
26
26
26
27
26
27
27
27
28
27
27
-7
-26
-23
-19
-16
-14
-9
-5
22
31
31
31
31
31
32
32
32
32
32
33
32
32
19
-28
-27
-28
-26
-20
-20
-26
-25
-20
2
35
35
35
35
34
35
35
35
35
34
34
34
34
34
25
26
26
26
26
26
27
26
27
27
27
27
27
28
28
28
28
15
-29
-24
-21
-18
-13
-9
-4
6
29
31
31
31
32
32
32
33
33
33
34
33
33
22
-29
-29
-31
-28
-21
-26
-34
-33
-29
-19
26
36
35
35
35
35
35
34
34
34
34
34
34
34
25
25
26
26
27
27
27
26
26
27
27
28
28
28
28
29
29
28
-20
-28
-25
-20
-12
-7
-2
3
19
34
32
32
32
33
33
33
33
34
34
35
34
25
-30
-30
-31
-26
-27
-33
-36
-35
-31
-28
14
30
31
36
36
35
35
35
35
35
35
35
35
35
26
26
27
27
26
27
28
28
28
28
28
28
28
29
29
29
29
30
14
-36
-28
-19
-13
-8
-4
0
5
25
34
33
33
33
33
33
34
35
35
35
35
30
-29
-30
-26
-25
-30
-37
-39
-34
-32
-30
-8
-1
2
9
32
37
36
36
35
35
35
35
35
35
25
27
27
27
27
28
28
28
28
29
28
29
29
29
29
29
30
31
30
-4
-27
-20
-15
-11
-6
-4
-1
6
31
34
34
33
33
34
34
35
35
35
35
34
-22
-29
-25
-25
-30
-37
-35
-30
-33
-31
-13
-6
-4
-3
5
34
37
37
36
36
36
36
37
36
27
26
27
28
28
28
28
28
28
29
29
29
29
29
30
30
30
31
31
27
-20
-22
-19
-16
-10
-8
-6
-1
10
34
34
34
35
34
35
35
35
36
36
35
-9
-27
-26
-27
-29
-30
-30
-30
-34
-31
-15
-9
-6
-4
-4
18
38
38
37
37
37
37
37
37
27
27
28
28
28
28
29
29
29
29
29
29
29
30
30
31
31
31
31
31
8
-26
-22
-19
-15
-11
-9
-7
-3
18
36
35
35
35
35
36
36
36
36
35
6
-26
-25
-26
-24
-27
-29
-30
-34
-31
-16
-10
-4
-4
-6
2
36
38
38
37
37
37
38
37
27
28
28
28
28
29
29
29
29
29
29
30
30
30
31
31
31
32
32
31
28
-21
-25
-21
-19
-15
-12
-11
-8
-2
28
36
35
35
36
36
36
36
37
36
14
-24
-22
-22
-23
-27
-28
-30
-33
-32
-19
-9
-3
-4
-9
-7
28
35
37
39
38
38
38
38
28
28
28
29
29
29
29
29
30
30
30
30
30
31
31
32
31
32
33
32
32
-2
-28
-24
-22
-19
-15
-12
-10
-6
9
36
36
36
36
36
37
37
37
30
-14
-21
-21
-21
-23
-27
-29
-30
-33
-34
-24
-10
-4
-8
-13
-10
0
4
5
16
37
39
38
38
28
28
29
29
29
29
30
30
30
30
30
31
31
31
32
32
32
33
33
33
33
20
-30
-27
-24
-21
-17
-12
-10
-7
-2
20
36
36
36
37
37
37
35
-9
-23
-22
-23
-24
-26
-30
-31
-33
-36
-40
-29
-13
-10
-19
-19
-13
-6
-2
0
0
13
40
40
39
29
29
29
29
30
30
30
30
30
30
31
31
31
32
32
32
32
33
34
34
34
32
-17
-30
-27
-24
-20
-12
-8
-6
-5
2
30
37
37
37
37
38
8
-25
-27
-28
-28
-27
-29
-32
-33
-37
-41
-44
-32
-18
-21
-33
-17
-12
-7
-5
-4
-5
-2
32
42
40
29
29
29
29
30
30
30
30
31
31
31
31
31
32
32
33
33
34
34
34
35
34
13
-36
-32
-27
-20
-13
-6
-3
-3
-1
10
37
38
38
37
37
-20
-31
-32
-31
-29
-28
-30
-34
-36
-40
-46
-46
-33
-24
-32
-30
-15
-9
-6
-5
-6
-8
-9
9
42
42
29
29
30
30
30
30
31
31
31
31
31
31
31
32
33
34
34
35
35
34
35
35
34
-15
-37
-30
-22
-16
-8
-3
-2
0
0
14
40
39
38
29
-32
-32
-32
-30
-29
-29
-32
-37
-40
-44
-54
-45
-34
-30
-37
-22
-13
-8
-5
-5
-8
-12
-14
-8
27
43
29
30
30
30
30
31
31
31
31
31
31
32
32
33
34
35
35
35
36
36
36
36
36
27
-29
-33
-24
-18
-12
-7
-4
-3
-2
-4
21
41
40
12
-35
-32
-30
-28
-29
-30
-34
-39
-44
-53
-58
-44
-36
-39
-31
-17
-13
-10
-7
-8
-11
-16
-18
-12
3
40
30
30
30
31
31
31
31
32
32
32
32
32
33
33
35
35
35
36
36
36
37
37
37
37
23
-29
-27
-21
-17
-13
-9
-8
-6
-6
-3
29
42
-6
-34
-31
-28
-27
-28
-31
-35
-41
-53
-64
-53
-44
-41
-38
-20
-15
-14
-12
-11
-12
-16
-19
-17
-24
-12
23
30
30
31
31
31
32
32
32
33
33
32
33
34
34
35
35
36
36
37
37
37
37
38
38
37
11
-30
-25
-20
-17
-14
-12
-10
-11
-11
-2
30
-22
-30
-26
-25
-25
-27
-31
-34
-44
-65
-66
-51
-43
-44
-32
-17
-15
-14
-14
-15
-16
-19
-18
-23
-39
-24
-4
31
31
31
31
32
32
33
34
34
34
34
34
33
35
35
36
36
37
37
37
37
37
38
38
38
37
-8
-26
-22
-20
-19
-17
-15
-15
-14
-10
-11
-27
-24
-22
-21
-22
-25
-29
-35
-51
-74
-63
-48
-45
-48
-30
-18
-16
-15
-15
-19
-21
-21
-30
-50
-44
-33
-23
31
31
31
32
32
32
33
34
34
34
34
34
34
35
35
36
36
37
37
37
38
38
38
38
39
39
26
-25
-24
-22
-21
-20
-21
-17
-12
-8
-18
-25
-21
-18
-18
-19
-22
-28
-38
-54
-75
-62
-50
-50
-48
-26
-18
-16
-16
-16
-23
-25
-47
-55
-53
-47
-41
-33
31
31
32
32
32
33
34
34
34
34
34
35
35
35
35
36
36
37
38
38
38
39
39
39
40
39
38
-3
-27
-25
-23
-24
-21
-11
-7
-6
-22
-24
-18
-14
-13
-16
-21
-30
-42
-52
-72
-63
-54
-53
-45
-24
-19
-18
-18
-20
-28
-33
-65
-61
-59
-56
-52
-47
31
32
32
32
33
34
34
35
35
35
35
35
35
35
36
37
37
38
38
38
39
39
40
40
40
40
40
32
-25
-28
-26
-24
-16
-10
-7
-14
-24
-19
-13
-11
-11
-15
-22
-32
-45
-50
-71
-65
-52
-51
-42
-26
-23
-23
-22
-26
-30
-50
-64
-58
-53
-45
-38
-28
32
32
32
34
34
35
35
35
35
35
35
35
36
36
36
37
37
38
38
39
39
40
40
40
41
41
41
40
7
-29
-27
-22
-20
-20
-18
-22
-22
-14
-11
-10
-11
-16
-24
-35
-49
-46
-67
-63
-49
-47
-34
-11
-12
-24
-23
-30
-36
-60
-56
-50
-44
-40
-37
-34
32
33
34
34
35
35
35
35
35
36
36
36
36
36
37
37
38
38
38
39
40
40
41
41
42
42
42
42
37
-23
-26
-24
-25
-26
-26
-23
-17
-11
-9
-10
-12
-14
-22
-35
-49
-55
-64
-59
-46
-39
-15
-4
-11
-25
-28
-35
-53
-59
-52
-46
-40
-33
-28
-22
32
34
34
34
35
35
35
35
36
36
36
36
36
36
37
37
38
38
38
39
40
40
41
41
42
43
43
43
44
3
-26
-26
-27
-29
-26
-20
-14
-9
-9
-9
-10
-11
-19
-29
-45
-55
-65
-58
-45
-31
-13
-9
-20
-28
-35
-49
-63
-60
-54
-49
-45
-40
-35
-29
33
34
34
35
35
35
36
36
36
36
36
36
36
37
37
38
38
39
39
39
40
42
42
42
43
43
44
44
44
32
-23
-26
-28
-27
-19
-16
-12
-10
-9
-10
-9
-11
-26
-36
-55
-53
-63
-58
-45
-33
-30
-28
-33
-39
-49
-69
-72
-70
-64
-59
-53
-50
-48
-45
34
34
35
35
35
36
36
36
36
37
37
37
37
37
38
38
38
39
39
40
41
42
42
42
44
44
44
45
44
42
-11
-25
-28
-24
-16
-14
-14
-13
-12
-12
-12
-16
-18
-23
-46
-48
-55
-66
-55
-47
-44
-47
-49
-54
-63
-68
-67
-61
-53
-44
-35
-29
-25
-22
34
35
35
36
36
36
36
36
37
37
37
37
37
38
38
38
39
39
40
40
41
42
43
43
44
44
45
45
45
45
12
-27
-25
-18
-13
-13
-13
-14
-16
-17
-19
-17
-15
-26
-37
-27
-33
-57
-69
-63
-59
-56
-57
-63
-63
-61
-57
-52
-45
-38
-32
-26
-18
-11
35
35
35
36
36
37
37
37
37
37
38
38
38
38
38
39
39
39
40
40
42
42
43
43
44
44
45
45
45
46
40
-20
-18
-13
-13
-15
-16
-18
-20
-24
-27
-18
-21
-27
-14
-18
-23
-32
-54
-67
-71
-67
-59
-58
-59
-61
-61
-58
-50
-41
-30
-21
-16
-15
35
35
36
36
36
37
37
37
37
38
38
38
38
38
39
39
39
40
40
41
42
43
43
43
44
45
45
46
46
46
45
15
-14
-13
-13
-15
-19
-22
-25
-26
-27
-27
-18
-14
-7
-18
-20
-25
-35
-45
-58
-72
-71
-62
-57
-55
-54
-53
-53
-48
-40
-31
-21
-13
35
36
36
37
37
37
37
37
38
38
38
38
39
39
39
40
40
42
42
42
43
43
44
44
45
45
46
47
47
47
46
41
-17
-17
-17
-19
-22
-24
-25
-27
-32
-16
-21
-4
-14
-19
-17
-21
-25
-30
-38
-54
-68
-71
-64
-57
-52
-48
-42
-37
-35
-33
-30
-27
36
36
37
37
37
37
38
38
38
38
38
39
39
39
40
40
41
42
43
43
43
43
44
45
45
46
46
47
47
47
47
47
-18
-25
-24
-26
-26
-25
-24
-28
-23
-23
-15
-14
-14
-15
-15
-21
-21
-23
-26
-35
-53
-61
-67
-68
-59
-50
-41
-35
-28
-20
-15
-14
36
36
37
37
38
38
38
38
39
39
39
39
40
41
41
42
42
43
43
43
44
44
44
45
46
47
47
48
49
48
48
47
0
-33
-31
-31
-31
-29
-27
-26
-24
-26
-13
-17
-12
-13
-13
-18
-20
-20
-21
-25
-37
-56
-53
-57
-64
-59
-48
-36
-32
-29
-23
-16
36
37
37
37
38
38
38
39
39
39
39
40
41
41
42
42
43
43
44
44
44
45
45
46
47
47
47
49
49
49
49
48
24
-38
-38
-37
-37
-35
-30
-24
-33
-18
-19
-16
-12
-11
-12
-16
-18
-18
-19
-21
-24
-46
-58
-47
-45
-52
-55
-44
-31
-25
-26
-21
36
37
37
38
38
38
39
39
39
40
40
41
41
41
42
43
43
43
44
45
45
45
46
46
47
47
49
49
50
49
49
49
33
-38
-40
-40
-38
-36
-30
-30
-23
-21
-19
-16
-13
-12
-13
-14
-16
-17
-18
-19
-19
-25
-58
-55
-40
-38
-43
-46
-39
-25
-17
-18
37
37
38
38
38
39
39
39
40
41
41
41
41
42
42
43
43
44
44
45
45
46
46
47
47
49
49
50
50
50
50
50
33
-34
-40
-40
-38
-36
-32
-28
-26
-24
-20
-17
-17
-16
-15
-16
-16
-16
-17
-17
-17
-19
-32
-64
-47
-35
-32
-39
-42
-37
-22
-13
37
37
38
38
39
40
40
40
41
41
41
41
42
42
43
43
44
44
45
45
46
46
47
47
48
49
49
50
51
50
50
50
36
-32
-39
-40
-40
-37
-32
-28
-27
-25
-21
-19
-19
-20
-18
-17
-16
-16
-17
-16
-15
-15
-20
-43
-58
-42
-31
-28
-33
-38
-34
-24
37
38
38
38
40
40
41
41
41
41
41
42
42
43
43
43
44
45
45
46
46
47
47
48
49
50
50
51
51
51
51
50
43
-31
-38
-40
-40
-36
-32
-29
-27
-25
-22
-20
-21
-22
-19
-18
-17
-17
-17
-16
-16
-16
-18
-27
-52
-50
-34
-28
-21
-27
-32
-28
38
38
39
40
40
40
41
41
41
42
42
42
43
43
44
44
45
45
46
46
46
47
48
49
49
50
50
51
52
51
51
51
51
-20
-37
-39
-39
-36
-32
-29
-27
-27
-26
-24
-23
-23
-22
-20
-20
-18
-18
-18
-17
-17
-18
-22
-33
-51
-39
-27
-26
-21
-26
-27
38
39
40
40
41
41
41
42
42
42
42
43
43
44
45
45
45
46
46
46
47
48
49
50
50
50
51
52
52
52
52
52
52
4
-37
-37
-37
-36
-32
-29
-28
-29
-29
-28
-26
-25
-24
-23
-23
-21
-20
-19
-19
-18
-17
-20
-26
-35
-43
-27
-20
-24
-18
-23
38
39
40
41
41
41
42
42
42
43
43
43
44
44
45
45
46
46
46
47
48
49
50
50
50
51
51
52
53
52
52
52
53
37
-39
-37
-36
-35
-31
-29
-29
-31
-31
-30
-30
-29
-28
-28
-28
-26
-24
-23
-22
-19
-18
-19
-23
-32
-33
-32
-13
-19
-21
-14
39
39
40
41
41
42
42
42
43
43
43
44
44
44
45
46
46
47
47
48
49
50
51
51
51
51
52
53
53
53
53
53
53
53
-8
-38
-37
-35
-33
-31
-32
-35
-35
-35
-35
-34
-33
-32
-30
-28
-29
-27
-23
-21
-19
-18
-20
-34
-22
-29
-18
-8
-20
-18
39
40
41
41
42
42
43
43
43
43
44
44
45
45
45
46
47
47
48
49
50
51
51
51
51
52
52
53
53
53
53
54
54
54
39
-39
-38
-36
-34
-34
-36
-37
-38
-38
-37
-37
-36
-32
-31
-33
-33
-28
-26
-24
-21
-19
-19
-34
-26
-19
-20
-9
-6
-18
39
41
41
42
42
43
43
43
43
44
44
44
45
45
46
47
47
48
49
50
50
51
51
51
52
52
52
53
53
54
54
55
55
55
54
0
-39
-36
-35
-36
-38
-40
-40
-39
-38
-37
-35
-33
-36
-35
-32
-30
-28
-26
-23
-19
-18
-29
-33
-16
-13
-13
-4
-5
