-128
-97
-111
-128
-125
-117
-128
-88
-101
-128
-126
-123
-128
-81
-80
-103
-118
-128
-128
-99
-107
-89
-128
-128
-128
-128
-128
-91
-117
-128
-128
-128
-128
-128
-128
-128
-118
-119
-128
-128
-128
-128
-128
-128
-128
-128
-128
-128
-126
-128
-128
-128
-128
-128
-127
-128
-128
-128
-128
-122
-126
-128
-128
-128
-128
-128
-126
-125
-127
-128
-126
-102
-128
-110
-105
-120
-111
-105
-128
-102
-104
-109
-107
-127
-128
-100
-98
-109
-99
-124
-128
-102
-104
-107
-102
-124
-128
-128
-116
-106
-119
-128
-128
-128
-128
-121
-115
-121
-123
-126
-128
-123
-122
-114
-128
-128
-123
-122
-102
-127
-123
-128
-126
-113
-90
-115
-122
-128
-128
-128
-99
-110
-122
-124
-128
-128
-115
-113
-121
-121
-122
-128
-128
-128
-117
-128
-128
-128
-128
-120
-102
-118
-128
-128
-128
-127
-112
-110
-128
-128
-128
-128
-109
-106
-116
-128
-128
-128
-128
-124
-116
-128
-128
-128
-128
-128
-124
-128
-127
-125
-128
-128
-128
-128
-128
-128
-128
-128
-128
-128
-128
-128
-128
-128
-128
-128
-128
-128
-128
-128
-128
-128
-128
-128
-128
-128
-128
-128
-128
-128
-128
-128
-128
-128
-128
-128
-128
-121
-128
-124
-127
-128
-128
-119
-128
-116
-128
-128
-128
-118
-118
-117
-128
-128
-128
-128
-121
-127
-128
-128
-128
-128
-127
-128
-126
-128
-128
-128
-128
-128
-128
-128
-121
-121
-119
-106
-110
-119
-120
-126
-117
-112
-109
-114
-119
-123
-115
-112
-111
-107
-121
-121
-116
-113
-114
-108
-118
-112
-109
-126
-114
-113
-123
-122
-113
-110
-116
-109
