-128
-128
-128
-128
-128
-125
-128
-128
-128
-128
-128
-127
-103
-97
-128
-128
-128
-124
-117
-123
-121
-123
-126
-128
-127
-128
-128
-102
-128
-128
-128
-117
-115
-123
-115
-115
-116
-121
-128
-127
-128
-128
-128
-128
-128
-128
-119
-116
-123
-128
-118
-115
-128
-128
-128
-128
-128
-128
-128
-128
-128
-125
-116
-117
-113
-118
-123
-126
-128
-128
-128
-128
-128
-128
-128
-128
-128
-127
-124
-115
-122
-127
-128
-128
-128
-128
-128
-125
-114
-118
-114
-113
-122
-114
-113
-125
-128
-126
-128
-128
-128
-128
-126
-127
-128
-113
-112
-116
-112
-119
-128
-128
-128
-128
-128
-128
-128
-128
-128
-128
-128
-128
-128
-120
-123
-128
-128
-128
-128
-128
-125
-124
-128
-128
-128
-128
-128
-127
-128
-128
-128
-128
-128
-128
-128
-128
-128
-128
-128
-128
-128
-128
-127
-128
-128
-128
-128
-128
-128
-128
-128
-128
-127
-128
-128
-127
-127
-127
-128
-128
-128
-128
-128
-128
-128
-128
-128
-128
-128
-128
-127
-126
-128
-128
-128
-128
-128
-128
-128
-128
-128
-128
-128
-128
-128
-128
-128
-128
-128
-128
-128
-124
-128
-128
-126
-124
-124
-124
-106
-98
-128
-128
-128
-124
-117
-123
-121
-122
-123
-127
-125
-127
-128
-107
-128
-128
-128
-120
-116
-125
-114
-114
-114
-122
-126
-125
-127
-126
-128
-128
-128
-128
-119
-116
-119
-125
-114
-111
-127
-126
-126
-128
-128
-128
-123
-122
-127
-121
-110
-113
-104
-114
-120
-124
-126
-126
-128
-128
-128
-128
-128
-124
-124
-122
-116
-112
-122
-127
-127
-125
-128
-128
-128
-122
-115
-115
-114
-112
-121
-110
-113
-125
-126
-125
-128
-128
-128
-128
-121
-120
-125
-115
-111
-114
-110
-116
-127
-126
-128
-128
-128
-125
-128
-126
-127
-123
-120
-121
-121
-119
-121
-127
-128
-128
-128
-123
-118
-118
-128
-128
-127
-125
-125
-123
-126
-125
-128
-128
-128
-128
-128
-125
-121
-126
-128
-126
-126
-126
-125
-126
-128
-128
-128
-128
-128
-128
-128
-123
-121
-128
-126
-125
-126
-126
-128
-128
-128
-128
-128
-128
-128
-128
-123
-122
-128
-128
-127
-126
-128
-128
-128
-128
-128
-128
-128
-128
-128
-126
-121
-121
-128
-128
-128
-128
-128
-127
-122
-113
-111
-109
-104
-103
-108
-108
-114
-128
-128
-128
-128
-128
-125
-122
-122
-118
-115
-116
-118
-108
-109
-115
-128
-128
-116
-116
-126
-128
-121
-118
-128
-120
-116
-112
-111
-109
-128
-128
-103
-90
-116
-118
-106
-108
-112
-112
-109
-114
-115
-112
-128
-128
-116
-104
-105
-108
-107
-102
-97
-125
-121
-122
-120
-115
-128
-128
-124
-100
-102
-107
-106
-105
-98
-110
-128
-125
-122
-118
-128
-128
-126
-116
-108
-108
-109
-121
-108
-113
-128
-125
-122
-121
-128
-128
-119
-101
-107
-106
-111
-112
-104
-107
-116
-125
-123
-123
-128
-128
-122
-92
-88
-84
-88
-97
-98
-97
-108
-119
-124
-121
-128
-128
-128
-115
-106
-94
-77
-87
-102
-108
-114
-121
-123
-122
-128
-128
-128
-128
-128
-120
-97
-83
-88
-112
-121
-123
-124
-124
-128
-128
-128
-128
-128
-128
-123
-106
-90
-88
-99
-123
-127
-128
-128
-128
-128
-128
-128
-128
-128
-128
-115
-92
-86
-89
-100
-121
-128
-128
-128
-128
-128
-128
-128
-128
-128
-122
-106
-91
-89
-87
-122
-121
-121
-120
-106
-107
-122
-124
-124
-124
-125
-116
-121
-128
-122
-121
-120
-117
-112
-121
-126
-126
-125
-120
-123
-114
-114
-124
-122
-121
-107
-101
-123
-122
-124
-128
-128
-119
-120
-121
-117
-118
-122
-121
-104
-96
-119
-123
-121
-126
-116
-125
-121
-121
-119
-117
-122
-121
-120
-98
-106
-122
-128
-126
-110
-128
-124
-122
-120
-119
-122
-121
-121
-97
-99
-124
-125
-123
-111
-128
-125
-123
-121
-123
-122
-121
-120
-108
-102
-125
-124
-125
-114
-128
-128
-123
-121
-123
-122
-121
-120
-97
-115
-124
-118
-123
-125
-128
-128
-125
-122
-122
-122
-121
-121
-98
-105
-112
-106
-116
-124
-127
-128
-128
-123
-121
-122
-121
-121
-118
-113
-113
-101
-101
-126
-126
-126
-127
-126
-123
-121
-121
-121
-121
-121
-121
-113
-96
-110
-121
-124
-126
-125
-124
-121
-121
-121
-121
-121
-121
-120
-113
-104
-103
-112
-126
-125
-125
-122
-121
-121
-121
-121
-121
-120
-120
-117
-106
-104
-106
-115
-123
-122
-121
-121
-121
-121
-121
-120
-120
-120
-120
-113
-106
-107
-107
-128
-128
-128
-128
-128
-128
-128
-128
-128
-128
-128
-128
-128
-128
-128
-128
-128
-128
-128
-128
-128
-128
-128
-128
-128
-128
-128
-124
-128
-128
-128
-128
-128
-128
-128
-128
-128
-128
-128
-128
-128
-128
-128
-128
-128
-128
-128
-128
-128
-127
-122
-128
-128
-128
-128
-128
-128
-128
-128
-128
-128
-124
-125
-127
-122
-128
-128
-128
-128
-128
-128
-128
-128
-128
-128
-128
-128
-128
-109
-109
-128
-128
-128
-128
-128
-128
-128
-128
-128
-122
-124
-128
-128
-125
-128
-128
-128
-128
-128
-128
-128
-128
-128
-128
-128
-118
-113
-110
-125
-128
-128
-128
-128
-128
-128
-128
-128
-128
-128
-128
-128
-124
-128
-128
-128
-128
-128
-128
-128
-128
-128
-128
-128
-128
-128
-128
-128
-128
-128
-128
-128
-128
-128
-128
-128
-128
-128
-128
-128
-128
-128
-128
-128
-128
-128
-128
-128
-128
-128
-128
-128
-128
-128
-128
-128
-128
-128
-128
-128
-128
-128
-128
-128
-128
-128
-128
-128
-128
-128
-128
-128
-128
-128
-128
-128
-128
-128
-128
-128
-128
-128
-128
-128
-128
-128
-128
-128
-128
-128
-128
-113
-109
-123
-124
-120
-120
-122
-117
-112
-128
-128
-128
-128
-119
-112
-120
-122
-126
-127
-124
-124
-119
-112
-116
-128
-128
-128
-107
-122
-121
-120
-128
-127
-126
-125
-123
-117
-115
-128
-128
-128
-111
-112
-115
-120
-124
-111
-128
-128
-126
-124
-117
-128
-128
-128
-106
-98
-114
-120
-121
-104
-128
-128
-127
-125
-123
-128
-128
-128
-119
-104
-121
-120
-116
-102
-114
-128
-128
-126
-127
-128
-128
-128
-114
-101
-121
-114
-119
-103
-114
-128
-128
-126
-126
-128
-128
-128
-106
-107
-119
-107
-112
-112
-106
-128
-128
-127
-127
-128
-128
-128
-123
-116
-127
-110
-109
-113
-113
-124
-128
-128
-128
-128
-128
-128
-128
-125
-128
-114
-103
-121
-123
-124
-128
-128
-128
-128
-128
-128
-128
-128
-128
-128
-113
-121
-121
-127
-128
-128
-128
-128
-128
-128
-128
-128
-128
-128
-128
-128
-121
-123
-128
-128
-128
-128
-128
-128
-128
-128
-128
-128
-128
-128
-128
-128
-126
-128
-128
-128
-128
-128
-128
-128
-128
-128
-128
-128
-128
-128
-128
-128
-128
-97
-96
-96
-95
-97
-104
-102
-101
-99
-101
-102
-104
-113
-88
-97
-96
-96
-97
-109
-106
-105
-103
-98
-100
-104
-104
-108
-111
-97
-96
-93
-112
-108
-114
-117
-112
-105
-103
-102
-104
-105
-110
-97
-96
-87
-83
-109
-117
-102
-99
-108
-95
-94
-98
-103
-106
-97
-96
-92
-87
-111
-104
-106
-107
-115
-95
-101
-102
-106
-107
-97
-96
-94
-89
-104
-105
-100
-101
-104
-95
-105
-104
-105
-105
-97
-96
-96
-94
-106
-110
-110
-112
-113
-104
-101
-105
-105
-106
-97
-96
-92
-93
-108
-101
-106
-117
-119
-113
-106
-103
-104
-106
-97
-96
-95
-81
-82
-85
-95
-107
-107
-101
-99
-103
-104
-103
-97
-96
-96
-89
-78
-75
-76
-91
-97
-100
-101
-101
-100
-102
-97
-97
-96
-96
-95
-94
-77
-77
-84
-103
-104
-103
-101
-101
-97
-97
-96
-95
-94
-93
-93
-76
-73
-78
-99
-104
-103
-103
-97
-96
-96
-95
-94
-94
-93
-92
-83
-72
-70
-81
-98
-106
-97
-96
-96
-95
-94
-94
-93
-92
-91
-90
-75
-70
-70
-72
-128
-128
-128
-128
-128
-122
-115
-115
-117
-124
-127
-127
-126
-128
-128
-128
-128
-128
-128
-128
-128
-128
-128
-128
-128
-128
-124
-125
-128
-128
-128
-128
-128
-128
-123
-121
-128
-128
-128
-127
-128
-124
-128
-128
-125
-124
-128
-117
-108
-106
-122
-116
-127
-128
-128
-128
-128
-128
-128
-128
-120
-114
-115
-118
-115
-118
-128
-128
-128
-128
-128
-128
-128
-128
-128
-126
-127
-110
-104
-115
-128
-128
-128
-128
-128
-128
-128
-128
-128
-115
-123
-128
-128
-124
-126
-128
-128
-128
-128
-128
-128
-128
-126
-128
-126
-115
-105
-109
-115
-126
-128
-128
-128
-128
-128
-128
-116
-105
-111
-111
-112
-108
-112
-124
-128
-128
-128
-128
-128
-128
-128
-128
-123
-122
-115
-122
-128
-128
-128
-128
-128
-128
-128
-128
-128
-128
-128
-128
-123
-128
-128
-128
-128
-128
-128
-128
-128
-128
-128
-128
-128
-128
-128
-122
-122
-128
-128
-128
-128
-128
-128
-128
-128
-128
-128
-128
-128
-128
-118
-118
-120
-128
-128
-128
-128
-128
-128
-128
-128
-128
-128
-128
-128
-128
-113
-111
