127
-32
-84
58
-44
47
-48
20
68
63
28
-5
-95
-57
52
-51
10
-40
65
10
53
-24
-53
19
-48
-6
-26
74
90
1
-59
-55
-9
-2
12
22
127
-11
4
67
-34
51
-65
26
120
67
97
30
-83
-45
-23
-31
49
-41
56
-29
52
-41
-8
-1
-36
-50
31
102
88
21
-82
-108
15
5
101
33
29
-53
-72
7
30
46
80
83
64
30
15
15
34
19
21
38
24
55
-3
-26
1
-11
-33
-28
11
17
10
107
108
84
8
27
63
50
127
117
-126
-60
44
-127
-53
93
-72
-34
106
-4
-8
-3
-26
-28
-25
13
83
-16
66
21
-96
40
59
-62
54
38
-56
29
4
-26
44
113
37
-27
103
31
-18
-36
-16
120
127
63
-105
28
41
29
-16
-55
93
4
-86
11
-26
-31
15
36
-12
-48
-78
14
-11
-47
4
-41
-24
-10
97
71
77
50
46
30
-29
-21
35
-9
96
106
-18
81
82
67
57
-2
34
5
-39
10
-69
-127
38
6
-66
32
-50
-15
51
-46
-9
60
13
59
45
35
-59
32
44
-57
35
49
127
29
19
-10
19
42
32
-1
30
-8
18
33
53
-7
-3
72
-9
-3
-2
-34
36
22
-6
44
5
59
30
-30
44
41
39
30
13
-4
-25
-32
-12
69
79
118
123
84
58
-88
-77
-34
-7
27
109
-6
78
60
-15
36
-45
-55
-36
-35
5
4
42
-117
-80
-35
-31
6
82
58
68
127
