-300
1187
6042
9252
9535
7853
3293
1622
2066
5371
5776
4307
-566
-810
6391
13476
5965
2628
-357
-87
603
1808
5512
7780
571
89
5360
15915
8791
3185
-1611
-1411
2010
-1624
3611
6130
345
-128
5364
16010
12234
2920
686
8
5284
-3966
788
3580
872
1881
6993
17827
18294
6060
3096
38
6327
-729
-680
2687
301
-300
5679
14038
12070
5790
11677
6866
7349
286
-2258
1415
656
163
2818
12861
10636
4678
9100
4652
3449
343
-3479
-178
911
1955
3104
8161
5809
5606
15794
11516
3455
660
-3469
-1513
860
799
957
2203
1760
698
10851
15239
7748
3143
-258
-1066
747
763
279
97
73
614
3917
8257
5922
6822
3488
640
681
679
483
709
511
508
428
1719
708
3450
4167
3326
611
641
454
350
368
-134
-82
-818
-1062
-672
41
372
102222
101779
101933
98456
94241
92991
93236
92409
92122
94087
93729
92893
102144
102933
102763
100409
97843
98979
100874
100625
98572
98562
98172
93196
101254
99373
95328
97139
100113
98153
95839
98320
99561
98202
97471
95978
100942
97964
91575
90257
94528
93593
93304
93641
94768
95544
97177
98131
101220
99593
94748
88934
87571
89348
87384
85695
90794
97925
98843
99375
101956
100612
97385
92829
93108
95476
92676
86405
87680
96424
100673
99692
101796
101319
99367
94856
92609
93553
96551
95549
93788
99013
102382
100262
101547
100531
96749
93505
96000
94847
91708
89238
86848
91696
99078
101213
101703
99975
95777
88532
87080
86868
87970
89921
89100
90318
95974
99720
101918
101236
99432
95939
93364
90272
87347
91096
96273
98388
99645
100155
101912
101939
101947
101514
99650
96340
91133
90193
95678
101868
103977
103226
101918
101937
101958
101988
101786
100493
97241
93323
91076
92964
99396
105064
-51635
-51743
-47863
-40245
-40193
-40677
-41251
-42148
-41349
-42218
-37883
-35118
-50800
-48280
-42607
-37156
-35430
-38681
-42002
-41638
-37694
-42740
-44049
-37969
-51246
-48009
-41405
-36131
-35016
-36068
-37632
-36968
-36641
-42284
-44855
-43977
-51956
-50078
-39924
-34239
-37803
-41394
-40767
-38781
-35936
-40932
-45126
-45523
-51517
-51113
-44779
-35396
-32722
-36959
-36876
-38022
-32788
-38244
-44612
-46606
-51602
-51667
-45523
-33444
-33574
-39284
-38742
-37627
-33945
-35513
-42824
-46100
-51648
-49007
-40660
-34035
-34893
-37712
-36940
-36075
-33938
-37929
-42710
-43923
-51907
-50815
-44847
-37674
-37527
-37662
-36775
-38894
-38854
-40380
-43689
-45113
-52082
-51856
-50551
-46887
-44350
-39595
-35552
-38034
-42470
-42192
-45007
-47051
-52130
-51860
-50770
-48234
-48014
-45012
-38616
-37380
-40722
-42738
-46600
-48131
-52072
-52204
-52403
-52155
-51546
-50241
-46511
-41503
-39325
-40972
-44494
-46950
-52108
-52242
-52426
-52533
-52556
-52460
-50674
-48842
-45080
-41959
-41461
-43563
3951
-882
-2037
3104
2479
1944
3350
4091
4258
1785
983
6836
2876
-2526
-2594
1071
1151
1957
193
-543
4192
2369
-505
940
2272
-2495
-2673
-670
-1926
577
113
4233
10477
4690
2576
682
2472
-3201
-5798
-1179
4041
314
-8984
-2643
10090
5442
2980
1025
3934
-320
-6057
-3340
3105
2236
1664
7066
14005
9579
5801
2146
3899
-2737
-8346
-4434
1444
-4802
-7612
-2928
9317
10549
6394
3713
4238
-203
-3597
-924
90
-2660
-1932
-1147
6510
9175
5609
4513
4076
760
-1678
268
-1252
-6786
-3761
2288
8149
11339
8079
5218
4176
1787
453
619
-1592
-5384
-3727
-284
2355
6432
6976
5912
4520
3897
3638
3598
1724
-1003
-904
314
-1727
1207
4154
4956
4476
4587
4695
4309
2971
1514
608
265
-1124
-1064
-1648
646
4542
4593
4744
4778
4382
3430
2268
1072
-875
-153
-1073
-2041
222537
222335
220884
218762
215363
214814
213797
216296
217201
222571
222737
212267
224279
227934
221000
216873
213514
215297
213975
213572
215666
221989
227180
222425
224149
230762
222968
217433
214719
213798
209468
206143
209835
215460
222509
224963
223727
232184
227746
220112
219088
215178
213791
206001
202306
208496
218711
223482
222142
228627
229867
220657
217141
211260
211399
202744
198228
204954
216426
222203
222353
229201
229371
221552
217791
213387
214814
206317
197431
198949
213512
220190
222288
230153
231012
225635
225253
217875
218100
213862
206439
204972
211410
217532
222112
228838
229981
224120
228173
224675
222484
217859
209418
206578
211008
216353
221732
224803
225934
220982
224454
226773
224739
223205
219743
214197
215248
217519
221413
221972
222289
220695
223525
228200
224344
224021
222330
221684
220667
219200
221416
221459
221359
221619
223147
225898
224552
224093
222956
225094
224818
223267
221390
221417
221325
221199
221487
222431
223357
223874
223268
221593
222957
225619
268807
262795
260047
259454
263262
263516
263785
264685
265020
264814
259649
257501
268161
258898
248720
259262
262053
262093
261095
261376
260226
262068
264097
258622
266401
254482
247041
256595
258550
257949
258224
255089
261511
262842
265247
265353
267017
263961
249440
250340
261262
266152
256377
249984
259671
268821
267931
267766
267951
263291
251651
247214
252603
259020
257688
256927
253678
266293
269745
268338
268793
262660
254113
250570
256160
259656
257247
249806
254557
261529
267446
269501
268387
264275
247660
249542
250231
253251
256920
255218
252197
260533
266182
267902
268660
263738
251435
243582
248377
243875
249484
258270
260221
265357
270637
270267
268743
265834
263357
256518
255275
245880
244043
254498
263928
266935
270168
270798
268980
267954
267530
265492
262801
255403
244075
246183
256399
261806
267984
270681
268913
268592
268372
267506
267203
262892
256155
248493
246547
252134
258794
263402
268850
268679
268387
268253
267755
267061
263826
260293
251710
247414
248399
254358
38909
43598
47195
44533
44893
44928
46539
47791
46778
47500
47358
47441
38692
42105
46260
49317
44792
42777
48149
48526
45023
46441
46895
46455
40106
44507
49994
46516
44187
45010
50934
46817
46506
45988
46251
46633
40490
43895
48507
46479
44360
43715
47014
45453
46054
45341
45133
45332
39898
43587
50214
47540
47595
49612
50658
47589
45304
43620
44434
44758
39320
43857
50210
48768
49977
50247
47502
44650
44462
43646
44516
44247
39464
41582
43184
42949
46446
49278
47740
45357
42498
44429
45555
44062
39767
41776
42926
42870
46080
47467
45593
42601
42950
44030
44591
43436
39593
41402
42681
44239
44340
47551
45763
47364
47951
44876
44406
43568
39256
39787
40384
42645
44774
47044
44343
45820
47488
47852
45695
43204
39234
39160
38943
39278
40713
42887
45740
44696
44020
43624
44935
45549
39253
39070
38883
38749
38876
39560
41535
44275
44418
44025
42760
41914
-30142
-29237
-29351
-30519
-31191
-31004
-25602
-24549
-27443
-28682
-29636
-31660
-30910
-31025
-30762
-30343
-30936
-28463
-24068
-24236
-25615
-25954
-28469
-30625
-30015
-29868
-33464
-40743
-32855
-27909
-26442
-27565
-26723
-26172
-28738
-29978
-28957
-28703
-30883
-36280
-35753
-30382
-26229
-28154
-29990
-25054
-26742
-28588
-29143
-28640
-30018
-37546
-35819
-27838
-26072
-29244
-32093
-26756
-26938
-28976
-29878
-28990
-29894
-32782
-30490
-27131
-27927
-26229
-29596
-25789
-24507
-28200
-29927
-30602
-31966
-34572
-32433
-27498
-28580
-26493
-29203
-26999
-24670
-26709
-29302
-29157
-29347
-32480
-31034
-30372
-34007
-31872
-29653
-30337
-28166
-27821
-29548
-28069
-26969
-27871
-29801
-29726
-34895
-32158
-29141
-30178
-28250
-28107
-29905
-29104
-28063
-26178
-25311
-26402
-30795
-32911
-28861
-26861
-26637
-27890
-29921
-29908
-29873
-29382
-27850
-26342
-25777
-30060
-30112
-30419
-27534
-25282
-29866
-29902
-29829
-29723
-29529
-28323
-26841
-25614
-27388
-30054
-30149
-29744
