-128
-128
-123
-112
-111
-117
-128
-128
-128
-125
-124
-128
-128
-128
-122
-97
-123
-128
-128
-128
-128
-128
-125
-117
-128
-128
-125
-88
-113
-128
-128
-128
-128
-128
-128
-123
-128
-128
-125
-88
-101
-128
-128
-128
-126
-128
-128
-128
-128
-128
-120
-81
-80
-123
-128
-128
-122
-128
-128
-128
-128
-128
-124
-95
-102
-124
-103
-120
-118
-128
-128
-128
-128
-128
-128
-99
-107
-128
-112
-128
-128
-128
-128
-128
-128
-128
-128
-116
-124
-125
-89
-104
-128
-128
-128
-128
-128
-128
-128
-128
-128
-128
-106
-91
-117
-128
-128
-128
-128
-128
-128
-128
-128
-128
-128
-115
-123
-120
-128
-128
-128
-128
-128
-128
-128
-128
-128
-128
-128
-128
-128
-128
-128
-128
-128
-128
-128
-128
-128
-128
-128
-128
-128
-128
-124
-127
-126
-128
-128
-128
-128
-128
-128
-128
-128
-128
-124
-118
-119
-128
-128
-128
-128
-128
-128
-128
-128
-128
-128
-128
-128
-128
-128
-128
-128
-128
-128
-128
-128
-128
-128
-128
-128
-128
-128
-128
-128
-128
-128
-128
-128
-128
-128
-128
-128
-128
-128
-128
-128
-128
-128
-128
-128
-128
-126
-128
-128
-128
-128
-128
-128
-128
-128
-128
-128
-128
-127
-128
-128
-128
-128
-128
-128
-128
-128
-128
-122
-128
-128
-128
-128
-128
-128
-128
-128
-128
-128
-128
-128
-128
-127
-128
-128
-128
-128
-128
-128
-128
-128
-128
-128
-128
-126
-128
-128
-128
-128
-128
-128
-128
-128
-128
-128
-128
-126
-126
-126
-128
-128
-128
-128
-128
-128
-126
-110
-116
-126
-126
-126
-125
-127
-128
-128
-128
-128
-128
-128
-102
-128
-128
-128
-118
-118
-119
-120
-123
-121
-123
-112
-105
-128
-128
-124
-110
-105
-114
-122
-121
-111
-124
-127
-112
-128
-128
-121
-107
-104
-107
-111
-109
-108
-123
-128
-127
-128
-128
-117
-102
-111
-121
-119
-114
-107
-119
-128
-128
-128
-128
-128
-105
-98
-109
-109
-112
-99
-113
-128
-128
-128
-128
-128
-100
-101
-115
-114
-111
-102
-106
-124
-128
-128
-128
-119
-102
-104
-111
-109
-107
-102
-112
-124
-127
-128
-128
-128
-111
-111
-111
-109
-114
-114
-118
-127
-128
-128
-128
-128
-128
-128
-116
-106
-112
-123
-123
-128
-128
-128
-128
-128
-128
-128
-128
-114
-110
-119
-124
-128
-128
-128
-128
-128
-128
-128
-128
-128
-121
-115
-120
-128
-128
-128
-128
-128
-128
-128
-128
-128
-128
-128
-122
-121
-126
-123
-128
-128
-126
-128
-128
-125
-123
-122
-128
-128
-114
-127
-128
-128
-128
-128
-128
-128
-128
-123
-128
-128
-128
-128
-128
-128
-128
-128
-128
-128
-122
-102
-121
-128
-128
-128
-128
-128
-128
-123
-128
-128
-128
-103
-118
-127
-128
-123
-128
-128
-128
-126
-128
-128
-113
-90
-105
-117
-128
-124
-128
-128
-128
-128
-128
-128
-128
-106
-101
-115
-124
-122
-128
-128
-128
-128
-128
-128
-128
-115
-106
-118
-122
-123
-128
-128
-128
-128
-128
-128
-128
-109
-99
-110
-119
-123
-128
-128
-128
-128
-128
-128
-128
-128
-115
-113
-117
-122
-124
-124
-125
-128
-128
-128
-128
-128
-128
-123
-120
-122
-121
-121
-122
-127
-128
-128
-128
-128
-128
-128
-128
-121
-121
-121
-121
-122
-125
-128
-128
-128
-128
-128
-128
-128
-128
-128
-128
-128
-128
-128
-128
-128
-128
-128
-128
-128
-117
-128
-128
-128
-128
-128
-128
-128
-128
-120
-128
-128
-107
-128
-128
-128
-128
-128
-128
-128
-128
-128
-127
-128
-102
-118
-128
-128
-128
-128
-128
-128
-128
-128
-128
-128
-114
-110
-128
-128
-128
-128
-128
-128
-128
-128
-128
-128
-112
-112
-128
-128
-128
-128
-128
-128
-128
-128
-128
-128
-109
-106
-125
-126
-128
-128
-128
-128
-128
-128
-128
-128
-114
-110
-128
-116
-128
-128
-128
-128
-128
-128
-128
-128
-128
-124
-128
-128
-121
-128
-128
-128
-128
-128
-128
-128
-128
-128
-128
-128
-116
-128
-128
-128
-128
-128
-128
-128
-128
-128
-128
-128
-124
-128
-128
-128
-127
-128
-128
-128
-128
-128
-128
-128
-128
-128
-128
-128
-128
-128
-125
-128
-128
-128
-128
-128
-128
-128
-128
-128
-128
-128
-128
-128
-128
-128
-128
-128
-128
-128
-128
-128
-128
-128
-128
-128
-128
-128
-128
-128
-128
-128
-128
-128
-128
-128
-128
-128
-128
-128
-128
-128
-128
-128
-128
-128
-128
-128
-128
-128
-128
-128
-128
-128
-128
-128
-128
-128
-128
-128
-128
-128
-128
-128
-128
-128
-128
-128
-128
-128
-128
-128
-128
-128
-128
-128
-128
-128
-128
-128
-128
-128
-128
-128
-128
-128
-128
-128
-128
-128
-128
-128
-128
-128
-128
-128
-128
-128
-128
-128
-128
-128
-128
-128
-128
-128
-128
-128
-128
-128
-128
-128
-128
-128
-128
-128
-128
-128
-128
-128
-128
-128
-128
-128
-128
-128
-128
-128
-128
-128
-128
-128
-128
-128
-128
-128
-128
-128
-128
-128
-128
-128
-128
-128
-128
-128
-128
-128
-128
-128
-128
-128
-126
-128
-127
-128
-128
-128
-128
-128
-121
-128
-128
-125
-124
-128
-128
-128
-128
-128
-128
-119
-128
-128
-128
-116
-128
-128
-128
-128
-128
-128
-128
-124
-128
-128
-128
-128
-128
-128
-128
-128
-128
-128
-128
-118
-127
-127
-120
-117
-127
-128
-128
-128
-128
-128
-128
-118
-123
-119
-118
-127
-128
-128
-128
-128
-128
-128
-128
-128
-128
-128
-121
-127
-128
-128
-128
-128
-128
-128
-128
-128
-128
-128
-128
-128
-128
-128
-128
-128
-128
-128
-128
-128
-128
-128
-127
-128
-128
-126
-128
-128
-128
-128
-128
-128
-128
-128
-128
-128
-128
-127
-126
-128
-128
-128
-128
-128
-128
-128
-128
-128
-128
-128
-128
-128
-128
-128
-128
-128
-128
-128
-128
-128
-128
-128
-128
-128
-128
-124
-121
-121
-125
-127
-126
-110
-107
-116
-119
-122
-128
-126
-127
-126
-124
-126
-119
-106
-106
-110
-111
-119
-125
-123
-123
-128
-128
-128
-117
-113
-116
-114
-112
-120
-123
-120
-120
-126
-128
-128
-125
-112
-118
-123
-109
-114
-119
-121
-119
-123
-128
-128
-117
-112
-121
-128
-114
-114
-120
-123
-120
-123
-128
-125
-115
-117
-112
-122
-111
-107
-118
-123
-125
-128
-128
-128
-116
-119
-113
-121
-114
-108
-114
-121
-121
-121
-128
-127
-125
-128
-128
-122
-124
-118
-117
-122
-118
-114
-117
-123
-123
-128
-128
-121
-124
-118
-118
-123
-121
-118
-112
-109
-113
-126
-128
-120
-114
-113
-117
-123
-123
-123
-122
-117
-113
-111
-124
-124
-125
-116
-109
-123
-123
-123
-123
-122
-118
-114
-110
-116
-124
-124
-123
