-12382
-12511
-12415
-12609
-12476
-12573
-12620
-12332
-12226
-12309
-10383
-10076
-13216
-14014
-14357
-14344
-14321
-13973
-13426
-13257
-13179
-12538
-12671
-11034
-7417
-69
1980
-3608
-9986
-12406
-12401
-12476
-12676
-12530
-12635
-12446
-12333
-12532
-13180
-10909
-13167
-14168
-14023
-14048
-13964
-14497
-14783
-15037
-14121
-13148
-12824
-13553
-13286
-12039
-6980
-531
2468
-2106
-12331
-12288
-12419
-12529
-12597
-12552
-12033
-11452
-11613
-9321
-10135
-11443
-10703
-10514
-10794
-11433
-11962
-12483
-13372
-12781
-12248
-12064
-12857
-13967
-14391
-13630
-8591
3
3464
-12283
-12288
-12366
-12466
-12432
-11907
-11182
-9717
-6479
-6279
-9132
-9343
-8698
-8341
-9212
-9746
-10308
-11639
-12197
-12082
-11851
-10999
-11617
-12928
-13913
-13965
-13177
-8960
-935
-12259
-12222
-12344
-12335
-12264
-11965
-10389
-6580
-5625
-9547
-10064
-9290
-7766
-7663
-7759
-7913
-9022
-9964
-10891
-12027
-11548
-11632
-11160
-11002
-12524
-13361
-13104
-12945
-8295
-12324
-12293
-12253
-12182
-12673
-12733
-12995
-10603
-10681
-10930
-10774
-9932
-8158
-5783
-5437
-5779
-6188
-6519
-8486
-10881
-12676
-12905
-12258
-12211
-12955
-13289
-13578
-13648
-13376
-12318
-12293
-12344
-12373
-12565
-15112
-17284
-15059
-13775
-9057
-8727
-8564
-8971
-10993
-12361
-11236
-9223
-6912
-5375
-10063
-13357
-13086
-13800
-14130
-13509
-13541
-13715
-14338
-13925
-12166
-12309
-12334
-12424
-12081
-13542
-17391
-20138
-16293
-7307
-5920
-7667
-12339
-14405
-13038
-12624
-12367
-7709
-6988
-11164
-12873
-13292
-13415
-11889
-11418
-11806
-12639
-12813
-12630
-12025
-12228
-12353
-12442
-12532
-11749
-11781
-12892
-11470
-11332
-11645
-10243
-7335
-6102
-8034
-9240
-10065
-6565
-8244
-7408
-8953
-9750
-10357
-11043
-11413
-11446
-11492
-12100
-13089
-12151
-12302
-12282
-12354
-12400
-12511
-12922
-12882
-12607
-12924
-12942
-12409
-12053
-10407
-8186
-6511
-7821
-4689
-7856
-6859
-10248
-10826
-10970
-11079
-11767
-12064
-11959
-12100
-12789
-12299
-12357
-12466
-12540
-12469
-12406
-14004
-15767
-15505
-14186
-12370
-12762
-12670
-12218
-13404
-14176
-15113
-9774
-9208
-5817
-10843
-10578
-11054
-11813
-11891
-11715
-11404
-11363
-11649
-12331
-12379
-12306
-12414
-12548
-12382
-12869
-15259
-17384
-16471
-12049
-12186
-12845
-12333
-11368
-10998
-12423
-10268
-6432
-7042
-8519
-10787
-11378
-11455
-11793
-11631
-11574
-12019
-12541
-12217
-12322
-12391
-12519
-12519
-12437
-11254
-11934
-13799
-9330
-7075
-7433
-8201
-9222
-10063
-10610
-10145
-10347
-6633
-5722
-4822
-10463
-11302
-11319
-11513
-11635
-12057
-11041
-10927
-12221
-12287
-12373
-12405
-12466
-12313
-12219
-10268
-5014
-5123
-10895
-10636
-7859
-5311
-4917
-6479
-8685
-10387
-8378
-5187
-5395
-7346
-10230
-11096
-11532
-11639
-10668
-10690
-11234
-12409
-12387
-12316
-12310
-12466
-12716
-12642
-13231
-11367
-10713
-10980
-11691
-12946
-11654
-7734
-4639
-4237
-5615
-8095
-5882
-4808
-4353
-8795
-11124
-11754
-12370
-11951
-11459
-11180
-12334
-12406
-12344
-12373
-12466
-12751
-14969
-15740
-14900
-12739
-11985
-12084
-11810
-11509
-9756
-9767
-9402
-9609
-9248
-7837
-5971
-5418
-7451
-9566
-11716
-11881
-11707
-11479
-11338
-12324
-12341
-12344
-12373
-12466
-12229
-14463
-18102
-18289
-16453
-14313
-13549
-13626
-12909
-12076
-11767
-12100
-12906
-12264
-13013
-11776
-11503
-8533
-7964
-9677
-11091
-11917
-12162
-12504
-12366
-12293
-12344
-12347
-12434
-12380
-11868
-13885
-17864
-20382
-19499
-19588
-19772
-19022
-17346
-15302
-13055
-11235
-11991
-14108
-13792
-13121
-10816
-9885
-9033
-10553
-12187
-12898
-12758
-12343
-12317
-12278
-12370
-12301
-12395
-12138
-11614
-12792
-15885
-18114
-19576
-19957
-19146
-17819
-16386
-14282
-15409
-15691
-13812
-12377
-12586
-11216
-11019
-11364
-11431
-11619
-11428
-11247
-12267
-12400
-12301
-12313
-12245
-12466
-12485
-12435
-11139
-9846
-9832
-10429
-14105
-19652
-19774
-16394
-14191
-13563
-13354
-12148
-11983
-11267
-10797
-11111
-11640
-11855
-11409
-11359
-12248
-12220
-12202
-12271
-12303
-12373
-12466
-12450
-12480
-12441
-12529
-12578
-11892
-11464
-13254
-16090
-17644
-16264
-13531
-11937
-12139
-12497
-11953
-11569
-11590
-11287
-11604
-12095
-12249
-12242
-12304
-12154
-12259
-12279
-12373
-12466
-12495
-12433
-12491
-12478
-12728
-12649
-12579
-11366
-14286
-19570
-20884
-16858
-14678
-12377
-11343
-11604
-11744
-11476
-11137
-11444
-11299
-11830
-11664
-12319
-12282
-12334
-12344
-12373
-12466
-12529
-12496
-12561
-12557
-12647
-12795
-12886
-12768
-12282
-13053
-16274
-20265
-19597
-14952
-12765
-11346
-11572
-11724
-11687
-11310
-11356
-11134
-11348
-12264
-12240
-12422
-12334
-12424
-12492
-12522
-12564
-12484
-12579
-12639
-12697
-12606
-12819
-12580
-11320
-11073
-14039
-18980
-21122
-17008
-14082
-11948
-10928
-11155
-11206
-11014
-10756
-10693
-12168
-12317
-12394
-12391
-12519
-12513
-12539
-12676
-12690
-12669
-12624
-12641
-12722
-12782
-12809
-12742
-12478
-11836
-13528
-17950
-21753
-21586
-15917
-13659
-11680
-10803
-10740
-10574
-10470
-12241
-12396
-12294
-12373
-12405
-12368
-12608
-12698
-12756
-12684
-12672
-12588
-12738
-12723
-12831
-12740
-12966
-12826
-11664
-11761
-14555
-20153
-22814
-20405
-15307
-13257
-12052
-11254
-11068
-12183
-12331
-12386
-12306
-12361
-12425
-12411
-12495
-12682
-12648
-12696
-12588
-12719
-12802
-12847
-12839
-12995
-13034
-13002
-12480
-11211
-12042
-15247
-20463
-23332
-22217
-18446
-16391
-14498
-12137
-12226
-12241
-12335
-12472
-12295
-12380
-12397
-12284
-12543
-12583
-12588
-12666
-12773
-12808
-12840
-12894
-13101
-13113
-13280
-13059
-12275
-11373
-12428
-15554
-19589
-22494
-24037
-23065
-12105
-12006
-12274
-12321
-12204
-12195
-12360
-12348
-12328
-12529
-12553
-12540
-12666
-12720
-12779
-12749
-12925
-12726
-12874
-12855
-12825
-13133
-12987
-12018
-11162
-11486
-13155
-16167
-20049
-59642
-59686
-59726
-59797
-59711
-59790
-59850
-59577
-60014
-60415
-59264
-57687
-59709
-60228
-60594
-60232
-59493
-58427
-57704
-57669
-58031
-57507
-58253
-57665
-55243
-49270
-46216
-50825
-58392
-59639
-59728
-59721
-59885
-59753
-59896
-59642
-59315
-61479
-61644
-58495
-59435
-60187
-59814
-59868
-59693
-60121
-60375
-60851
-60272
-59421
-59122
-59776
-59681
-58418
-53800
-49356
-45616
-48893
-59612
-59590
-59654
-59719
-59831
-59730
-59466
-61017
-59877
-57831
-57295
-58549
-57609
-57353
-57542
-57707
-57831
-58260
-59504
-59174
-58753
-58692
-59439
-60423
-60610
-59161
-55531
-49570
-44031
-59576
-59590
-59602
-59696
-59651
-59788
-60806
-57647
-55997
-54358
-56887
-57203
-56288
-55924
-56693
-56887
-57208
-58404
-59061
-59177
-58786
-57899
-58983
-59571
-60262
-60185
-59054
-55409
-49530
-59535
-59580
-59632
-59610
-59524
-59951
-58171
-55837
-54044
-57381
-58177
-57930
-56767
-55921
-56118
-56181
-57118
-57760
-58329
-58853
-58339
-58465
-58011
-58003
-58832
-59780
-59601
-58644
-54376
-59591
-59556
-59578
-59477
-59930
-59970
-61764
-58154
-58242
-59265
-59743
-59230
-56468
-52778
-52744
-52921
-53114
-54073
-56708
-57768
-58881
-59298
-58795
-58517
-59465
-59652
-59999
-60013
-58564
-59541
-59602
-59698
-59623
-59915
-60853
-61394
-60281
-60722
-58193
-57279
-55484
-55323
-57150
-59467
-58980
-58865
-52933
-51591
-56363
-59443
-58680
-60115
-61140
-60348
-60193
-60246
-60994
-60620
-59466
-59602
-59649
-59654
-59513
-60661
-63571
-66105
-64305
-55180
-53721
-55347
-59026
-59759
-58194
-58293
-59409
-53515
-54711
-58447
-59583
-59853
-60150
-58580
-58405
-58860
-59429
-59412
-59251
-59294
-59554
-59707
-59737
-59189
-57066
-56779
-59141
-59479
-59544
-58736
-56150
-52240
-51019
-54892
-57540
-58709
-51286
-53210
-53653
-55633
-56482
-57510
-58366
-58606
-58535
-58376
-58886
-59867
-59427
-59579
-59511
-59617
-59668
-59331
-59539
-60523
-59162
-59013
-58096
-58326
-58811
-57139
-54326
-52454
-53655
-48199
-52994
-55116
-58013
-58470
-58392
-58736
-59165
-59501
-59346
-59462
-59590
-59490
-59667
-59799
-59757
-59741
-59636
-61040
-61264
-61611
-59896
-58024
-57639
-57349
-57767
-60203
-62408
-63129
-56702
-53100
-53447
-58806
-58214
-58702
-59225
-59295
-58828
-58328
-57977
-58563
-59550
-59628
-59552
-59639
-59718
-59594
-59924
-61023
-63835
-63595
-59317
-58961
-59053
-57875
-56826
-56589
-57986
-53984
-52198
-53340
-56749
-58200
-58678
-58913
-58926
-58754
-58771
-59291
-59503
-59452
-59681
-59694
-59737
-59748
-59406
-58980
-61331
-60564
-56095
-53316
-53429
-55299
-56988
-58176
-58226
-57396
-56115
-52241
-51216
-52613
-58280
-58849
-58887
-58998
-58906
-58958
-58117
-58226
-59436
-59610
-59646
-59639
-59696
-59523
-59681
-56590
-53218
-54037
-59153
-58217
-55346
-52787
-52120
-55232
-57556
-57396
-54645
-52691
-52395
-55225
-57829
-58569
-58484
-58401
-57999
-58025
-58351
-59677
-59623
-59601
-59556
-59696
-59899
-60391
-61826
-58497
-55934
-55836
-57221
-59689
-59880
-57004
-53235
-51636
-52885
-53949
-53118
-51739
-51162
-56948
-58573
-58968
-59629
-59233
-58836
-58664
-59562
-59694
-59698
-59623
-59696
-59947
-61025
-61508
-60878
-59133
-58411
-58630
-58402
-58075
-56713
-56214
-56891
-57192
-55594
-53380
-52761
-52488
-54018
-57462
-59119
-58982
-58910
-58498
-58325
-59591
-59638
-59698
-59623
-59696
-59733
-61667
-61981
-62067
-60663
-58710
-58252
-59053
-58692
-57440
-56926
-57310
-57520
-56708
-57468
-56291
-57384
-55691
-55014
-57377
-58520
-58982
-59193
-59397
-59577
-59602
-59698
-59654
-59677
-59199
-58190
-59855
-61995
-64030
-63551
-63491
-65095
-64373
-62284
-59697
-57871
-55727
-56341
-58623
-58600
-58249
-57188
-56958
-56098
-57842
-59420
-60031
-59654
-59660
-59597
-59688
-59652
-59601
-59618
-58837
-57152
-57879
-61102
-62714
-63611
-61765
-61746
-62363
-60485
-59733
-60418
-60301
-58885
-58024
-58813
-57381
-57799
-58487
-58276
-58599
-58177
-57879
-59578
-59644
-59628
-59651
-59500
-59696
-59641
-58915
-56732
-54805
-54948
-56383
-59917
-63948
-63703
-61034
-58958
-58924
-58822
-57858
-58093
-57892
-57248
-57707
-58347
-58598
-58413
-58552
-59184
-59546
-59525
-59583
-59683
-59623
-59696
-59753
-59698
-59772
-59652
-59373
-58117
-56271
-58110
-58516
-60007
-60816
-59265
-58470
-58717
-59238
-58945
-58417
-58368
-58259
-58655
-59183
-59011
-59162
-59645
-59446
-59590
-59642
-59623
-59696
-59721
-59740
-59736
-59701
-59857
-59790
-59185
-58011
-60027
-63315
-64017
-61405
-60646
-59264
-58518
-58564
-58497
-58228
-58033
-58392
-58311
-58998
-58943
-59632
-59525
-59617
-59698
-59623
-59696
-59774
-59719
-59834
-59678
-59931
-60001
-60005
-59254
-57408
-58093
-62087
-63841
-63921
-61044
-59676
-58475
-58584
-59013
-59038
-58685
-58653
-58609
-58894
-59479
-59539
-59694
-59649
-59654
-59665
-59813
-59776
-59708
-59739
-59778
-59846
-59826
-59820
-58975
-56970
-56102
-59408
-62812
-64878
-61521
-60038
-58779
-58053
-58423
-58594
-58787
-58523
-58543
-59495
-59542
-59758
-59694
-59737
-59707
-59764
-59935
-59922
-59806
-59837
-59888
-59901
-59911
-59988
-59714
-58765
-57189
-58967
-63544
-64933
-65118
-60973
-59950
-59215
-58693
-58521
-58451
-58337
-59489
-59668
-59631
-59646
-59639
-59637
-59827
-59832
-59862
-59866
-59873
-59836
-59899
-59905
-60016
-59910
-59980
-59270
-56946
-56743
-59682
-64910
-66087
-64057
-59704
-59328
-59019
-58850
-59105
-59482
-59612
-59649
-59552
-59587
-59584
-59593
-59748
-59804
-59823
-59914
-59836
-59900
-59882
-60078
-59826
-60065
-60130
-59874
-58512
-55978
-56931
-60814
-65406
-66960
-65658
-62147
-60564
-59625
-59471
-59495
-59625
-59733
-59705
-59578
-59627
-59610
-59593
-59705
-59822
-59836
-59848
-59912
-59947
-59947
-60067
-60247
-60260
-60457
-59678
-58034
-56154
-57091
-60570
-65213
-67013
-67437
-65959
-59423
-59327
-59531
-59567
-59502
-59453
-59647
-59702
-59548
-59784
-59731
-59800
-59848
-59860
-59977
-59878
-59981
-59942
-60095
-60105
-59969
-60437
-59750
-57778
-55793
-55845
-57734
-60941
-65166
-140513
-140543
-140548
-140543
-140524
-140587
-140617
-139999
-139806
-139299
-137695
-135993
-135576
-135187
-135129
-134544
-133796
-133008
-132603
-133363
-134245
-134063
-134325
-136005
-139782
-141900
-144483
-143787
-142223
-140556
-140586
-140581
-140524
-140528
-140613
-140467
-139980
-139633
-138534
-136286
-135843
-135891
-135898
-135735
-135319
-135110
-134948
-135150
-135742
-136259
-135521
-134582
-134127
-136027
-138483
-140919
-144633
-143955
-140585
-140573
-140620
-140557
-140598
-140553
-140908
-141358
-141189
-139337
-138367
-138507
-138591
-138434
-137891
-137296
-136811
-136439
-136563
-137009
-137622
-137107
-135630
-134240
-134468
-136379
-138501
-139997
-143496
-140596
-140573
-140619
-140582
-140446
-141180
-142850
-143130
-141900
-140187
-140440
-140858
-140962
-140783
-140304
-139997
-139164
-138368
-137936
-138087
-138590
-138240
-137001
-135532
-134759
-134863
-136265
-137792
-139619
-140585
-140638
-140670
-140658
-139692
-140097
-140757
-140718
-140080
-139989
-140522
-141130
-142100
-143093
-143356
-142982
-142657
-141054
-139083
-137826
-137801
-138031
-137648
-136427
-135523
-135106
-135298
-136493
-137718
-140582
-140631
-140628
-140620
-138467
-136561
-136673
-137723
-139589
-140264
-141285
-141257
-139787
-138169
-137260
-138579
-141095
-141610
-139948
-137721
-136763
-136626
-135761
-135492
-135624
-135158
-134729
-134609
-135866
-140599
-140658
-140618
-140622
-137314
-132772
-128768
-131741
-137717
-141629
-141383
-138291
-134813
-133687
-134882
-135311
-137639
-139371
-138367
-135365
-134524
-134656
-135901
-136971
-136941
-136430
-135544
-135352
-135668
-140615
-140592
-140594
-140584
-138494
-134924
-130718
-132515
-136510
-137859
-137292
-137160
-136998
-136234
-134852
-134140
-135533
-137007
-138714
-138223
-137965
-137917
-137915
-137758
-137700
-137519
-136865
-135923
-135196
-140639
-140651
-140610
-140598
-139605
-136592
-132966
-133020
-133757
-135723
-135154
-134308
-133932
-135495
-137620
-137951
-136621
-137332
-140035
-139681
-138364
-138180
-138473
-138853
-138596
-137968
-137221
-136369
-135926
-140578
-140530
-140568
-140536
-140548
-138623
-135106
-133532
-133122
-134846
-134468
-134771
-134321
-134445
-133652
-132490
-130923
-134230
-139303
-140854
-140918
-140368
-139713
-139124
-139043
-138922
-138364
-137627
-136752
-140576
-140594
-140596
-140561
-140506
-138983
-135502
-132399
-132460
-134335
-134528
-133873
-133455
-134288
-135142
-134413
-131736
-132538
-137174
-140045
-140294
-140365
-139844
-139444
-139286
-138920
-138191
-137104
-136287
-140567
-140574
-140579
-140555
-140529
-139713
-135713
-131615
-132621
-136736
-138811
-137808
-136494
-135782
-134776
-133292
-131474
-131172
-134905
-139788
-140525
-140187
-139840
-139395
-138985
-138334
-138024
-137922
-137639
-140575
-140568
-140575
-140550
-140583
-139991
-138428
-136691
-135090
-134170
-134974
-135770
-137677
-139748
-139642
-138101
-135731
-134264
-135658
-139599
-140682
-140437
-140218
-139670
-139139
-138721
-138521
-138361
-138260
-140560
-140608
-140584
-140558
-140582
-139646
-139005
-137729
-135562
-134336
-134648
-134199
-134422
-136672
-139118
-140595
-139761
-138390
-137991
-139321
-142119
-141736
-140488
-139361
-138796
-138300
-138085
-138385
-138759
-140550
-140618
-140603
-140592
-140582
-138613
-137249
-136975
-136554
-135707
-133758
-133502
-135066
-136573
-137653
-137035
-135773
-135439
-136731
-138677
-141064
-141879
-140490
-139285
-138847
-138762
-138972
-139169
-139362
-140556
-140644
-140618
-140622
-140582
-137428
-133721
-132100
-133798
-136292
-136263
-135406
-135299
-135581
-135968
-135338
-133753
-132885
-133777
-135445
-136545
-138895
-140211
-139854
-139338
-138870
-138888
-138897
-138875
-140582
-140647
-140618
-140622
-140582
-138444
-133933
-129359
-128743
-130938
-131448
-131295
-131053
-131100
-131458
-132087
-132697
-132459
-132240
-133014
-134678
-136592
-138717
-139986
-139907
-139017
-138317
-138078
-138301
-140588
-140658
-140618
-140632
-140609
-139425
-136678
-132187
-128263
-128133
-127691
-126997
-128191
-129466
-130789
-131783
-131897
-131075
-130894
-132381
-134313
-136055
-137660
-139038
-139569
-139047
-138714
-138695
-138831
-140549
-140636
-140683
-140645
-140597
-140512
-138806
-136355
-134190
-133607
-132465
-129884
-125977
-124749
-127622
-130810
-132402
-133310
-134106
-134883
-136139
-137400
-138214
-138582
-139099
-139276
-138991
-138457
-138241
-140580
-140661
-140687
-140632
-140595
-140582
-140530
-139312
-137537
-136006
-134792
-132943
-129863
-127030
-127690
-129859
-133131
-135080
-135739
-135867
-136829
-137782
-138367
-138717
-138769
-138657
-138907
-138567
-138671
-140594
-140669
-140720
-140632
-140622
-140582
-140654
-140723
-140688
-140600
-139973
-137859
-135588
-130766
-127033
-126600
-131450
-134970
-137316
-137608
-138167
-138429
-139257
-139487
-139322
-139150
-138997
-139192
-139265
-140531
-140571
-140673
-140621
-140622
-140582
-140616
-140673
-140656
-140681
-140624
-140440
-139241
-135725
-131868
-128190
-128031
-131224
-135346
-138307
-138865
-138478
-138730
-139309
-139500
-139452
-139553
-139728
-139793
-140517
-140543
-140644
-140618
-140622
-140582
-140645
-140680
-140692
-140704
-140680
-140678
-140678
-138782
-136565
-133494
-130334
-128653
-130602
-134322
-137714
-139271
-139420
-139901
-140245
-140095
-140266
-140662
-140450
-140551
-140537
-140578
-140594
-140584
-140572
-140572
-140616
-140632
-140720
-140721
-140708
-140693
-140509
-139307
-137157
-134464
-131070
-128022
-128292
-131467
-135540
-138594
-139834
-140071
-140543
-140887
-141084
-141074
-140560
-140548
-140568
-140575
-140550
-140545
-140550
-140522
-140551
-140674
-140762
-140754
-140756
-140717
-140766
-140509
-138806
-136225
-133088
-129308
-127582
-128803
-132431
-137060
-139939
-140907
-141062
-141131
-141048
-140596
-140582
-140611
-140584
-140558
-140578
-140584
-140533
-140512
-140627
-140751
-140753
-140772
-140703
-140724
-140769
-140752
-139377
-137169
-134297
-131258
-128626
-128280
-129256
-131610
-135188
-138225
-139939
-140693
-140633
-140585
-140577
-140579
-140554
-140584
-140670
-140657
-140668
-140685
-140762
-140753
-140800
-140726
-140731
-140766
-140750
-140825
-140264
-138451
-135939
-133605
-130860
-128850
-128585
-128511
-129147
-130778
-133051
-140673
-140651
-140637
-140664
-140629
-140658
-140742
-140748
-140729
-140720
-140776
-140753
-140799
-140780
-140756
-140814
-140847
-140898
-140883
-141045
-140224
-138429
-136002
-134086
-132546
-130889
-129358
-127831
-126836
-140645
-140652
-140632
-140661
-140619
-140653
-140668
-140687
-140683
-140694
-140782
-140764
-140799
-140779
-140810
-140859
-140878
-140958
-141005
-141012
-141052
-141097
-140103
-138276
-136375
-134910
-133686
-132661
-131877
-7898
-7847
-7690
-7454
-7550
-7415
-7250
-7056
-4802
1062
1534
-3387
-8238
-9682
-9663
-9562
-9271
-9073
-10156
-10879
-11142
-10715
-8033
-10429
-16222
-24241
-27912
-21061
-10362
-7895
-7969
-7628
-7454
-7495
-7300
-7109
-6588
-2224
2071
-1741
-7545
-9480
-9987
-9873
-9253
-9335
-9433
-9052
-9590
-9966
-9892
-7013
-4198
-7600
-16844
-27014
-28685
-21789
-7808
-8002
-7677
-7491
-7375
-7144
-6912
-5066
-1502
-3329
-7622
-10055
-10800
-11452
-11153
-10500
-10361
-9739
-8104
-7960
-9377
-10010
-7519
-2916
-3517
-9509
-17294
-25700
-29369
-7862
-8002
-7773
-7566
-7151
-6520
-4728
-4603
-5588
-8379
-10524
-10062
-11983
-12639
-12525
-12147
-12061
-10340
-7734
-6848
-8889
-10260
-9108
-5023
-3223
-6099
-9239
-15091
-26514
-7902
-7930
-7838
-7615
-6937
-3197
-889
-3970
-8942
-11440
-10277
-8713
-11189
-14209
-15274
-15035
-14701
-12320
-8345
-6137
-7814
-9956
-9648
-7155
-5048
-5403
-6932
-8231
-15562
-7968
-7843
-7807
-7626
-6894
1336
5160
-5241
-13154
-12077
-9271
-7914
-9313
-13444
-15774
-14834
-14726
-17423
-12266
-6650
-6867
-9094
-8462
-7400
-6962
-5374
-5321
-6536
-8054
-8006
-7798
-7724
-7613
-7125
3203
8168
-1730
-11893
-11614
-9513
-8699
-7312
-10835
-14358
-13024
-9873
-17684
-17283
-9767
-7647
-7698
-7985
-7587
-7479
-6259
-5088
-5725
-6382
-8132
-7854
-7641
-7600
-7426
-2178
4579
3476
-6288
-7868
-8847
-11728
-12802
-12996
-13461
-10649
-4511
-16977
-23198
-14314
-9441
-8184
-8168
-8077
-7484
-7472
-6422
-5752
-5681
-8149
-8021
-7806
-7583
-7745
-6713
-794
6289
-263
-4882
-8107
-13345
-15561
-14911
-15579
-12911
-2196
-15248
-27433
-19149
-11709
-9166
-7911
-7756
-6945
-7490
-7510
-6299
-5211
-8226
-8022
-7689
-7486
-7545
-7354
-2259
7112
2075
-5483
-8755
-11654
-13590
-12934
-12818
-10543
-396
-13173
-30935
-20796
-10775
-9138
-8143
-8022
-7303
-7475
-8374
-7807
-6111
-8141
-8016
-7818
-7481
-7432
-7548
-2668
7580
2946
-6760
-9631
-9706
-9815
-9943
-10792
-9549
-846
-7407
-29454
-24398
-11389
-9749
-8835
-8454
-7772
-7522
-8691
-8388
-6773
-8242
-7923
-7649
-7508
-7429
-7594
-5279
5741
6566
-6716
-11574
-10470
-9946
-9909
-9721
-8773
-3736
-3720
-24804
-28916
-14367
-10068
-10015
-8861
-7564
-7479
-8614
-8674
-7439
-8259
-7945
-7669
-7626
-7470
-7231
-6285
924
4405
-5080
-10522
-10525
-11613
-13960
-12835
-9889
-5891
-3103
-16596
-28391
-20494
-11864
-10567
-8988
-7446
-7419
-8892
-9329
-8867
-8166
-7932
-7760
-7643
-7566
-6848
-3491
459
24
-5801
-10246
-9986
-9091
-12510
-14218
-13191
-10109
-7649
-12251
-24002
-25417
-16180
-10894
-9120
-7820
-7963
-8803
-9034
-9189
-8110
-7853
-7732
-7617
-7566
-6718
1405
4306
-3359
-9192
-10320
-9487
-7241
-9751
-12998
-13588
-12527
-10438
-12796
-20844
-25891
-22301
-14361
-9697
-8162
-7858
-8297
-9305
-9536
-7989
-7810
-7724
-7613
-7566
-6980
3756
7778
-3855
-10643
-10674
-9306
-5596
-5306
-8939
-12507
-13331
-9836
-13281
-18391
-21877
-21984
-18262
-13049
-9218
-8332
-7969
-8859
-9496
-7968
-7744
-7724
-7613
-7566
-7217
-1100
7365
1645
-6135
-7839
-5530
-2700
-3130
-6121
-10157
-12796
-9555
-12646
-15565
-17160
-19072
-18721
-15650
-12075
-8895
-7588
-8008
-9211
-7952
-7798
-7724
-7557
-7548
-7728
-6134
788
2829
-1981
-4348
-1747
2268
-703
-4121
-8604
-12991
-10271
-11001
-13630
-14521
-14347
-15495
-15601
-12928
-10443
-8483
-8212
-9240
-7933
-7784
-7652
-7616
-7612
-7508
-7877
-5720
-2654
-3368
-4781
-2434
5217
3180
34
-5437
-10675
-10958
-11024
-12298
-12807
-12819
-12327
-13462
-12463
-10862
-10272
-8668
-8901
-7827
-7848
-7619
-7551
-7551
-7566
-7534
-7725
-7626
-7010
-7163
-5886
1452
3850
5020
-3414
-10855
-11453
-10319
-10844
-10713
-11344
-11497
-12310
-12039
-10337
-9987
-9236
-8539
-7766
-7877
-7652
-7618
-7613
-7566
-7446
-7476
-7472
-7454
-7456
-7489
-5312
-2034
8302
2120
-7178
-9954
-9446
-9781
-9298
-9932
-10998
-12311
-11577
-10101
-9519
-9649
-9170
-7733
-7935
-7817
-7658
-7613
-7566
-7440
-7497
-7514
-7483
-7374
-7166
-7277
-6176
2261
3531
-239
-2246
-7195
-9812
-9316
-9155
-10525
-11780
-11330
-10365
-9727
-9842
-9281
-7712
-7926
-7904
-7724
-7613
-7566
-7406
-7459
-7602
-7480
-7367
-7171
-7018
-7430
-5279
-2447
263
3206
0
-5200
-9091
-9567
-10440
-11424
-11206
-10128
-10047
-9827
-9300
-7859
-7942
-7866
-7641
-7600
-7622
-7480
-7317
-7536
-7508
-7316
-7242
-6967
-7076
-7383
-7140
-4348
687
4055
1803
-1942
-7487
-10556
-10949
-10846
-10129
-9964
-10034
-9560
-7982
-7869
-7851
-7669
-7626
-7700
-7419
-7335
-7498
-7576
-7292
-7230
-6904
-7074
-7002
-7142
-7341
-5013
-549
2387
3566
-166
-4228
-8477
-10508
-10262
-9888
-9793
-9497
-8036
-7874
-7772
-7760
-7643
-7805
-7630
-7340
-7375
-7448
-7238
-7326
-6939
-6970
-7029
-7141
-7089
-6971
-6176
-3078
771
2469
1947
-737
-3703
-6669
-8510
-9374
-9306
-8069
-7808
-7763
-7649
-7604
-7783
-7752
-7423
-7302
-7337
-7198
-7326
-7001
-6967
-7016
-7092
-7058
-6513
-6633
-6918
-5059
-2239
787
2111
1292
-141
-2166
-3316
-4801
-8174
-7913
-7823
-7680
-7760
-7791
-7741
-7534
-7396
-7328
-7186
-7326
-7097
-7008
-7043
-7055
-6894
-6650
-6484
-6601
-6487
-6460
-4463
-2040
-789
270
172
1272
1237
-8247
-8040
-7841
-7573
-7769
-7743
-7673
-7588
-7431
-7397
-7264
-7380
-7097
-7104
-7084
-6970
-6883
-6683
-6594
-6526
-6196
-6275
-6670
-5954
-4987
-4095
-3097
-921
182
-53197
-53429
-53834
-53892
-53815
-54005
-54057
-53874
-53233
-50659
-44129
-42334
-42181
-42281
-42435
-42727
-43088
-43516
-44223
-44745
-44905
-44966
-44293
-42672
-40016
-39180
-42518
-53770
-59107
-53335
-53525
-53853
-53861
-53963
-54028
-53957
-53506
-53328
-48148
-45188
-44948
-45206
-45250
-45508
-45591
-45682
-45801
-45840
-45591
-45562
-45765
-45297
-43432
-40896
-39563
-38892
-41674
-52653
-53284
-53577
-53819
-53893
-54053
-54016
-53683
-53170
-50951
-47475
-46757
-46803
-46702
-47045
-47381
-47574
-47894
-48500
-48525
-47425
-46895
-47012
-46784
-45066
-42418
-40648
-39864
-37673
-39754
-53273
-53577
-53831
-53869
-53931
-53707
-52564
-50392
-47068
-46457
-46956
-47101
-46306
-46826
-47358
-47728
-48261
-49398
-49133
-48212
-47134
-47283
-47777
-46718
-44654
-42625
-41685
-40679
-37185
-53225
-53550
-53762
-53826
-53633
-52839
-49650
-44473
-44556
-45868
-46075
-45180
-44111
-44569
-45565
-47103
-48226
-49172
-49029
-48309
-47104
-47561
-47636
-47138
-46268
-44647
-42894
-42068
-40761
-53240
-53478
-53702
-53807
-53466
-52127
-44756
-41879
-44323
-45651
-44935
-43625
-42070
-39619
-41539
-43724
-45421
-47266
-49917
-47794
-46787
-46662
-47180
-47203
-46251
-45794
-44124
-42612
-41985
-53193
-53400
-53710
-53875
-54124
-52089
-46850
-43836
-44402
-45323
-44523
-43349
-41483
-38978
-38378
-38816
-38648
-38266
-45235
-49568
-48272
-46924
-46631
-46640
-46756
-46700
-45797
-43919
-42319
-53115
-53383
-53736
-53864
-54584
-53387
-49300
-45318
-41506
-42747
-40572
-39609
-40989
-42973
-43906
-44661
-43304
-36973
-41041
-47421
-48144
-48611
-48773
-49158
-48688
-47707
-47056
-45871
-44223
-53153
-53395
-53695
-53786
-54519
-55191
-54287
-49732
-43121
-40517
-37419
-37476
-39784
-42972
-44456
-45725
-43767
-38360
-43115
-50244
-51396
-51082
-50235
-49427
-48744
-48094
-47407
-46640
-45431
-53176
-53327
-53704
-53853
-53762
-53864
-53999
-49298
-43779
-42859
-42237
-41480
-39894
-37990
-38600
-41491
-40954
-36857
-40520
-49525
-49397
-49725
-49316
-49009
-48530
-47904
-47261
-46791
-46103
-53253
-53504
-53721
-53784
-53833
-54052
-53686
-50177
-45065
-44026
-44251
-44449
-44631
-43588
-41834
-39508
-36142
-32538
-32453
-45702
-50070
-48764
-48939
-48745
-48604
-47972
-47523
-47485
-46770
-53136
-53453
-53752
-53823
-53907
-54423
-54256
-51267
-46539
-43550
-45159
-45108
-44803
-45205
-45723
-45554
-44189
-40364
-35837
-41553
-48800
-48638
-49043
-49235
-48736
-47945
-47526
-46977
-46489
-53118
-53484
-53732
-53771
-53857
-54187
-54623
-52526
-45570
-42274
-44346
-44610
-43819
-44416
-45631
-45068
-43845
-40877
-38854
-37746
-46106
-49741
-49068
-49334
-48501
-47716
-47144
-47408
-47396
-53211
-53508
-53722
-53753
-53869
-53579
-53759
-51011
-44776
-40782
-38558
-36930
-37423
-38509
-41549
-43625
-43223
-41641
-40270
-38169
-41274
-48134
-49196
-49221
-48787
-48004
-47178
-46819
-47215
-53242
-53433
-53726
-53846
-53869
-53467
-52394
-45515
-42998
-44517
-45138
-44519
-42353
-39086
-35934
-35500
-37068
-38570
-38582
-39836
-40111
-44128
-49622
-49208
-48274
-47785
-47686
-47396
-47236
-53276
-53426
-53710
-53875
-53869
-53932
-52211
-46794
-43924
-44906
-45214
-45460
-44337
-42076
-39987
-36655
-34489
-33908
-32961
-35934
-37728
-39248
-44651
-49136
-49484
-48669
-48378
-47810
-47827
-53240
-53411
-53710
-53875
-53869
-54439
-53448
-49073
-44604
-45458
-46602
-46094
-44649
-42398
-40679
-39177
-39421
-39556
-37654
-38278
-40322
-41655
-42220
-46000
-49131
-49295
-48353
-47814
-47598
-53204
-53400
-53710
-53879
-53826
-54597
-55298
-53506
-48756
-46203
-46009
-45532
-43072
-40770
-40063
-38841
-39555
-40989
-41142
-41504
-42296
-43984
-44623
-44970
-47309
-48844
-49156
-48538
-48172
-53221
-53363
-53683
-53820
-53762
-53883
-54992
-55426
-54357
-52218
-51752
-51389
-49080
-45811
-45049
-41502
-42094
-43030
-43629
-44162
-44819
-45594
-45911
-46573
-47684
-47876
-49006
-49501
-49153
-53313
-53379
-53600
-53734
-53831
-53869
-54116
-54902
-55757
-56125
-56393
-56117
-53251
-49742
-46407
-42535
-45148
-46049
-46372
-46263
-46605
-46606
-47025
-47680
-48347
-48372
-48354
-49119
-49218
-53200
-53232
-53427
-53743
-53875
-53869
-54000
-54076
-54411
-54634
-55063
-56098
-56683
-55867
-51593
-46701
-47115
-47607
-47768
-47265
-47096
-46699
-47026
-47887
-48850
-49085
-49014
-49251
-50004
-53139
-53156
-53316
-53695
-53875
-53869
-54010
-54045
-54370
-54628
-54702
-55151
-55856
-56415
-54186
-49869
-47472
-46584
-47927
-48113
-47801
-47496
-47519
-48144
-49435
-49602
-49755
-50045
-50168
-53152
-53195
-53367
-53710
-53875
-53869
-53984
-54159
-54419
-54702
-54838
-55121
-55245
-56287
-56675
-56053
-53262
-49344
-46103
-47950
-48187
-47993
-47844
-48410
-48894
-49368
-49531
-50016
-50322
-53064
-53231
-53409
-53736
-53864
-53865
-54074
-54191
-54431
-54641
-54882
-55161
-55317
-55416
-56299
-57282
-57848
-55570
-50730
-47447
-47046
-47931
-48265
-48823
-49223
-49488
-49572
-49723
-49775
-53127
-53272
-53543
-53732
-53771
-53882
-54260
-54353
-54392
-54571
-54791
-55116
-55424
-55346
-55534
-56043
-57177
-57889
-56504
-52989
-48888
-45959
-47983
-48254
-48686
-48985
-49037
-49086
-49043
-53282
-53299
-53552
-53722
-53753
-53949
-54231
-54434
-54559
-54648
-54802
-55128
-55384
-55378
-55627
-55903
-56143
-57209
-58178
-58567
-55790
-51926
-48738
-47095
-48661
-48907
-48859
-48571
-48594
-53235
-53284
-53497
-53752
-53835
-53918
-54218
-54516
-54584
-54748
-54850
-55128
-55370
-55452
-55763
-56004
-56171
-56453
-57087
-58188
-58857
-58426
-55604
-52152
-48374
-47370
-48251
-48651
-48463
-53118
-53237
-53486
-53679
-53709
-53867
-54089
-54434
-54542
-54602
-54824
-55128
-55382
-55402
-55834
-56049
-56290
-56574
-56781
-56978
-57787
-58599
-59233
-58878
-56234
-53940
-51729
-49147
-47508
-53026
-53193
-53407
-53627
-53699
-53926
-53984
-54202
-54525
-54543
-54729
-55117
-55382
-55414
-55784
-56128
-56250
-56494
-56734
-56888
-56875
-57391
-58237
-59005
-59467
-60093
-59714
-57240
-54851
-54729
-54974
-55214
-55017
-54959
-55114
-54964
-55232
-54670
-49612
-43800
-46433
-49234
-49950
-50029
-49770
-49146
-48063
-48220
-48352
-48718
-49389
-48521
-47914
-49389
-52490
-56237
-61349
-60837
-54813
-55056
-55224
-54983
-55070
-55025
-54916
-54928
-52645
-45317
-44978
-48610
-49365
-49820
-50267
-49948
-49969
-50411
-49952
-49544
-49803
-50469
-49810
-46821
-45165
-49276
-53699
-56223
-61020
-54769
-55086
-55176
-55009
-55082
-54882
-53882
-52080
-47325
-44998
-47981
-49251
-49073
-49967
-50600
-50545
-50937
-51400
-50579
-49510
-49645
-50973
-50723
-47556
-45207
-46595
-50445
-52841
-54955
-54820
-55086
-55242
-55069
-55013
-53505
-50837
-47920
-46342
-48037
-49978
-49076
-49278
-50826
-51163
-51433
-52647
-53011
-51493
-49599
-49569
-50799
-50941
-48554
-45980
-45472
-46580
-49356
-52360
-54852
-54950
-55118
-55075
-55504
-53485
-47921
-44382
-48902
-51381
-50763
-48822
-48505
-50320
-51563
-51992
-53025
-53875
-52492
-50477
-49947
-51055
-51187
-49319
-47593
-46895
-46318
-46269
-49453
-54890
-54896
-55058
-55076
-57251
-53893
-43177
-43949
-51436
-51200
-49468
-48476
-48293
-48867
-51218
-51966
-50788
-52923
-55002
-51922
-50545
-51518
-51643
-50252
-49244
-48614
-47291
-46648
-46275
-54844
-54879
-55055
-55121
-57636
-54397
-46475
-44478
-47859
-49422
-48602
-49168
-48579
-48002
-51063
-52002
-48529
-48698
-56114
-53317
-51494
-51228
-50831
-50402
-50218
-49675
-48243
-47059
-46148
-54855
-55038
-55124
-55111
-55248
-53098
-48721
-44638
-45120
-47866
-46183
-46394
-48024
-49319
-49992
-49782
-46746
-44652
-55170
-54222
-52024
-51192
-50831
-50568
-50155
-49638
-49026
-47758
-46724
-54872
-54993
-55101
-55078
-54380
-53819
-50619
-42795
-41593
-46244
-45834
-47061
-48827
-48177
-48510
-49351
-44138
-41775
-56564
-56624
-52525
-51729
-50991
-51123
-50713
-50114
-49931
-49235
-47965
-54967
-55060
-55099
-55020
-54949
-55996
-54146
-44345
-39567
-45123
-46629
-48969
-50492
-49077
-48799
-50141
-44454
-41836
-56290
-59631
-53409
-52668
-51964
-51526
-51094
-50558
-50341
-50218
-48845
-54962
-55032
-55088
-55006
-54935
-55896
-55721
-47822
-41882
-45858
-48423
-48432
-47992
-48480
-49662
-50780
-45461
-41021
-50120
-60361
-53508
-52572
-52350
-52110
-51438
-50468
-50748
-50957
-49485
-54988
-55078
-55067
-54978
-54994
-55021
-56276
-50802
-42144
-43612
-50238
-50674
-49320
-48507
-47583
-46492
-43195
-41191
-45824
-57781
-55120
-52278
-52827
-52448
-51508
-50822
-50862
-50757
-50211
-54931
-55115
-55119
-55077
-55003
-54907
-53357
-47984
-40836
-44098
-49990
-48746
-47136
-48370
-50380
-48820
-45526
-41445
-45735
-52192
-56112
-53540
-53069
-52649
-51200
-50550
-50556
-50546
-50010
-54904
-54990
-54993
-55020
-55069
-55440
-52787
-45803
-40704
-44909
-49349
-48441
-45935
-45753
-47681
-48520
-47516
-45455
-46794
-49455
-55292
-55736
-53547
-52697
-51498
-50801
-50459
-50490
-50642
-54951
-54900
-54998
-55054
-55069
-56800
-53135
-42729
-43072
-47326
-47901
-48285
-47172
-46709
-46334
-46377
-46465
-45250
-44547
-49888
-52920
-55740
-55336
-53172
-51715
-50903
-50690
-50734
-51006
-54896
-54866
-55055
-55121
-55069
-57573
-53709
-43746
-43994
-49311
-49757
-48801
-45397
-43254
-45003
-46502
-47723
-44924
-42733
-48407
-51252
-52576
-53747
-53808
-52409
-51498
-50986
-50918
-51523
-54890
-54828
-55055
-55121
-55069
-55536
-54700
-49152
-46504
-49762
-52068
-50856
-47134
-44287
-44090
-43696
-45883
-45444
-45320
-48293
-50286
-53019
-52160
-52647
-53106
-52387
-51753
-51346
-51855
-54793
-54879
-55055
-55112
-55014
-54547
-54394
-51519
-49582
-50988
-53122
-51962
-46602
-44313
-45619
-45091
-47159
-46702
-46833
-48617
-49686
-51119
-52028
-52797
-53042
-52580
-52017
-51620
-51650
-54757
-54860
-54919
-54982
-55010
-54968
-54304
-53081
-50044
-50033
-52299
-53905
-49674
-45727
-44639
-43558
-48374
-49251
-49100
-49369
-49761
-50500
-51182
-52965
-53761
-52369
-52281
-52246
-51633
-54817
-54820
-54916
-54871
-55016
-55069
-55073
-54249
-53308
-51990
-52111
-53249
-50673
-49039
-44678
-41519
-48587
-50217
-49811
-50228
-50166
-50553
-51310
-52452
-53597
-52857
-52481
-52593
-52362
-54773
-54728
-54885
-54985
-55121
-55069
-55119
-55141
-55465
-55447
-55134
-54322
-52696
-53486
-48289
-45316
-48737
-49170
-50321
-50791
-51082
-50956
-51431
-52674
-53185
-52832
-52517
-52710
-52933
-54680
-54701
-54905
-55017
-55121
-55069
-55113
-55137
-55455
-55616
-55693
-55722
-55029
-55322
-51696
-50377
-51999
-48523
-48684
-50647
-51281
-51022
-51622
-52715
-53271
-52778
-52587
-52856
-53233
-54671
-54679
-54949
-55055
-55121
-55069
-55062
-55193
-55476
-55675
-55634
-55778
-55783
-55060
-53752
-51691
-52932
-51484
-49413
-48498
-49890
-51171
-51927
-52804
-53318
-52791
-52775
-52944
-53008
-54676
-54776
-55025
-55124
-55111
-55078
-55301
-55332
-55563
-55674
-55675
-55763
-55818
-55646
-55145
-54296
-53064
-52623
-51553
-51569
-49381
-49424
-51158
-52655
-52871
-52814
-52639
-52685
-52519
-54759
-54807
-55032
-55119
-55077
-55220
-55468
-55379
-55519
-55655
-55667
-55797
-55935
-55794
-56153
-56144
-55547
-54286
-51887
-52943
-52218
-51431
-50371
-50296
-51882
-52476
-52390
-52577
-52395
-54948
-54807
-54869
-54993
-55020
-55198
-55414
-55382
-55417
-55551
-55616
-55863
-55938
-55802
-56150
-56422
-56496
-55543
-54549
-52551
-51650
-52603
-53291
-52253
-51624
-51086
-51289
-52038
-51988
-54993
-54769
-54957
-55067
-55044
-55161
-55316
-55396
-55370
-55582
-55584
-55863
-55953
-55861
-56181
-56373
-56636
-56644
-56350
-55430
-53670
-51884
-51830
-53239
-53905
-53466
-53661
-52878
-51741
-54901
-54784
-54918
-54914
-54972
-55211
-55336
-55472
-55469
-55524
-55597
-55863
-56019
-55870
-56268
-56396
-56515
-56596
-56734
-56872
-56418
-55388
-53751
-52138
-51397
-52862
-55215
-55153
-53535
-54833
-54851
-54913
-54808
-54894
-55262
-55254
-55395
-55591
-55503
-55583
-55914
-56019
-55936
-56277
-56465
-56445
-56433
-56590
-56858
-56745
-56902
-56756
-55419
-53474
-53287
-53202
-51982
-51748
-91630
-91464
-91366
-91330
-91274
-91169
-91250
-91225
-91479
-94810
-97865
-96446
-95209
-94892
-94780
-94817
-94348
-93556
-93025
-92910
-93280
-93162
-93704
-95716
-96778
-97375
-92388
-88533
-88680
-91630
-91428
-91304
-91284
-91202
-91212
-91209
-90988
-92015
-95532
-95628
-93716
-93342
-93094
-92987
-92821
-92574
-92122
-92739
-93506
-93874
-94097
-94156
-95850
-96861
-96655
-96785
-92809
-88958
-91642
-91447
-91255
-91238
-91203
-91218
-91715
-92267
-95338
-96301
-94982
-94419
-94505
-94142
-93874
-93354
-92762
-91971
-92553
-93720
-94263
-93878
-93906
-94542
-96175
-95882
-96320
-97157
-92698
-91636
-91447
-91257
-91243
-91187
-92031
-93343
-96404
-97814
-96327
-95941
-96613
-96949
-96184
-95464
-94643
-93465
-92797
-93290
-94424
-94943
-94551
-94225
-94313
-95153
-96189
-95984
-96313
-96689
-91602
-91524
-91303
-91279
-91190
-92318
-96707
-99085
-96403
-96113
-96904
-98221
-98477
-98039
-97351
-96479
-94854
-93995
-93704
-94212
-94674
-94600
-94819
-94648
-94733
-95572
-96697
-96063
-95809
-91593
-91599
-91394
-91321
-90356
-92238
-96483
-97214
-95138
-96073
-97672
-98856
-99639
-98862
-97139
-96819
-97010
-95842
-93931
-93607
-93288
-93206
-93702
-94088
-94275
-94563
-95697
-96643
-95735
-91637
-91583
-91419
-91306
-89872
-89345
-91146
-94271
-95377
-97306
-99151
-98624
-97397
-95474
-94346
-95009
-97348
-96874
-92965
-91587
-91541
-91788
-92064
-92872
-93439
-94040
-94596
-95559
-96703
-91660
-91477
-91422
-91313
-90940
-88224
-87129
-91361
-96875
-99234
-100060
-98086
-95020
-93121
-92357
-92648
-94960
-97684
-91866
-91037
-90698
-91041
-92034
-92864
-93978
-94289
-94351
-95218
-96154
-91690
-91525
-91380
-91293
-91678
-90096
-88205
-91554
-97014
-98037
-98062
-96665
-94690
-94444
-94697
-95890
-97492
-97774
-90908
-91250
-92750
-92736
-93299
-94056
-94711
-94778
-94742
-95023
-95451
-91689
-91478
-91358
-91341
-91350
-90702
-91147
-93912
-97106
-96177
-94568
-93738
-94686
-95707
-95665
-96671
-97926
-97351
-92145
-92474
-94069
-94169
-94443
-94518
-94344
-94662
-94858
-94860
-94957
-91633
-91475
-91377
-91308
-91301
-90670
-90032
-92016
-95708
-95797
-94964
-94107
-93327
-92381
-92906
-94805
-95964
-96577
-93487
-90956
-94259
-94345
-94148
-94124
-94317
-94583
-94505
-94600
-94652
-91620
-91476
-91392
-91312
-91260
-91130
-89383
-89120
-93672
-96045
-95206
-94742
-94919
-94482
-94381
-94437
-94475
-93875
-94472
-91098
-93970
-94311
-93831
-93841
-94139
-94310
-94368
-94219
-94316
-91614
-91415
-91389
-91295
-91241
-91310
-91443
-90684
-94297
-96618
-95969
-95924
-95871
-96125
-96237
-97337
-98121
-96806
-95771
-93678
-92937
-94075
-93992
-94083
-94308
-94054
-94328
-94312
-94501
-91645
-91495
-91356
-91289
-91243
-91180
-92598
-95918
-97278
-96300
-95832
-96150
-96861
-97712
-97719
-98738
-99788
-98482
-96956
-96830
-94170
-94152
-94198
-94038
-94108
-94219
-94433
-94493
-94779
-91616
-91554
-91389
-91307
-91243
-90593
-92412
-97003
-97678
-94962
-93490
-92873
-94336
-97816
-100075
-100550
-99985
-99878
-98551
-97181
-96489
-94294
-93918
-93991
-93903
-93907
-94409
-94661
-94865
-91590
-91580
-91419
-91306
-91243
-90100
-90143
-93295
-95541
-95074
-94977
-95389
-96021
-97405
-97918
-98514
-98542
-98558
-98767
-96811
-97107
-95012
-93552
-93414
-93727
-93936
-94433
-94751
-94655
-91593
-91589
-91419
-91306
-91243
-90802
-88294
-88640
-91533
-92145
-92173
-93397
-95293
-97417
-97740
-97025
-95734
-95194
-95319
-94719
-93805
-93576
-94199
-93667
-93891
-94045
-94119
-94294
-93973
-91643
-91583
-91419
-91311
-91292
-91698
-89228
-86333
-86815
-87624
-87794
-88790
-90893
-93582
-94778
-95701
-95709
-94706
-93358
-92837
-92689
-92319
-93386
-93915
-93934
-93770
-93462
-93514
-93516
-91669
-91555
-91496
-91374
-91337
-91293
-91808
-89032
-86130
-85428
-84968
-84504
-85991
-88570
-90717
-93044
-93200
-92763
-92586
-92426
-92755
-93444
-93327
-92941
-93371
-93751
-93531
-93314
-93498
-91638
-91624
-91565
-91441
-91316
-91243
-91236
-91523
-90505
-89014
-88563
-87014
-84953
-86286
-89733
-92419
-91715
-91944
-92660
-93032
-93493
-94234
-94013
-93312
-92545
-93177
-93504
-93212
-93070
-91678
-91712
-91559
-91462
-91306
-91243
-91195
-91181
-90961
-90865
-90844
-90907
-87748
-85236
-86255
-89223
-91081
-92503
-93559
-93496
-93929
-94626
-94310
-93516
-93018
-92758
-93233
-92822
-92584
-91725
-91733
-91552
-91428
-91306
-91243
-91212
-91173
-90928
-90785
-90618
-90590
-90856
-88915
-85385
-85198
-87344
-91608
-93387
-94079
-94153
-94295
-94238
-93475
-93420
-93376
-92989
-93107
-92987
-91714
-91719
-91540
-91419
-91306
-91243
-91188
-91134
-90931
-90744
-90605
-90434
-90370
-90988
-87729
-84739
-83738
-86885
-90538
-93504
-94333
-94339
-93887
-93757
-93546
-93931
-93643
-93525
-93610
-91712
-91669
-91474
-91422
-91313
-91238
-91074
-91074
-90952
-90732
-90641
-90471
-90359
-90394
-90531
-89429
-86207
-83913
-85553
-88521
-92345
-93683
-93887
-93840
-93766
-93972
-94233
-94400
-94420
-91691
-91605
-91455
-91389
-91295
-91144
-90983
-90980
-90863
-90722
-90636
-90488
-90322
-90354
-90112
-90128
-90263
-87216
-84321
-83434
-86354
-89200
-92056
-93500
-94227
-94574
-94790
-94837
-95059
-91653
-91633
-91544
-91356
-91289
-91165
-90931
-90835
-90789
-90719
-90642
-90490
-90320
-90319
-90060
-89939
-89754
-90268
-88320
-85273
-82979
-83591
-86344
-89489
-91784
-93149
-94303
-94773
-95107
-91650
-91642
-91525
-91392
-91314
-91226
-90986
-90803
-90814
-90720
-90676
-90490
-90298
-90278
-90036
-89874
-89630
-89567
-89725
-89941
-87002
-84596
-82909
-83870
-85938
-87721
-89670
-91200
-92596
-91662
-91673
-91530
-91463
-91329
-91210
-91125
-90944
-90875
-90742
-90679
-90490
-90300
-90259
-90006
-89845
-89611
-89498
-89439
-89372
-89676
-89224
-86477
-84395
-82872
-83004
-83487
-84892
-86382
-91788
-91687
-91557
-91541
-91417
-91216
-91197
-91010
-90825
-90774
-90689
-90484
-90300
-90261
-89987
-89825
-89777
-89630
-89484
-89579
-89459
-89333
-89538
-89064
-87120
-85131
-83527
-82303
-82055
-74732
-74765
-74849
-74887
-75136
-75208
-75250
-74588
-75727
-75160
-70308
-65237
-62785
-62316
-62516
-62836
-63344
-64586
-66165
-67201
-68078
-67373
-67717
-69983
-68987
-70646
-70727
-74202
-77157
-74868
-74755
-74795
-74953
-75208
-75222
-75115
-74652
-76167
-72718
-70557
-67952
-68108
-68212
-68056
-67772
-67167
-66871
-67439
-68231
-68610
-67786
-67200
-67886
-67494
-66990
-69890
-70922
-74218
-74847
-74849
-74871
-75172
-75263
-75192
-75663
-78543
-77335
-75403
-73056
-72910
-73143
-72638
-71955
-71682
-71101
-70927
-71231
-71670
-71205
-69793
-68520
-67947
-67459
-65961
-66624
-68921
-69089
-74852
-74849
-74916
-75181
-75057
-76208
-80540
-80030
-75496
-73524
-73258
-74477
-73805
-72697
-72364
-72162
-71582
-71395
-71872
-72613
-72024
-70738
-70258
-69830
-69568
-68008
-66966
-67395
-68875
-74797
-74951
-75040
-75226
-74186
-77379
-78023
-72801
-69573
-69458
-71226
-71938
-72408
-71727
-72616
-72916
-73519
-72427
-72212
-71329
-70699
-69875
-70195
-70561
-69729
-69131
-67501
-66942
-67879
-74782
-75025
-74996
-75093
-72801
-71755
-70706
-68349
-67567
-69810
-71830
-71049
-69142
-65655
-64965
-67080
-71293
-71188
-70911
-69793
-69077
-67582
-67236
-67804
-68318
-67912
-67309
-66051
-66345
-74786
-74951
-74910
-74981
-71695
-66575
-66263
-67540
-69577
-73514
-72884
-67917
-62004
-59530
-58787
-60427
-65181
-66181
-65035
-66435
-67124
-67452
-68151
-69416
-70400
-69235
-68803
-68162
-67405
-74749
-74836
-74832
-74987
-73614
-70203
-68810
-73373
-72010
-69561
-66119
-63493
-63395
-66398
-67791
-68155
-69989
-67722
-62783
-66707
-71374
-72955
-73820
-74153
-73382
-71988
-71048
-70451
-69006
-74769
-74781
-74888
-75030
-75906
-75721
-77441
-79499
-74840
-64358
-61961
-62829
-64705
-68871
-71143
-71984
-71362
-71969
-67710
-70838
-75012
-75423
-75348
-73871
-72366
-72007
-70750
-69815
-68706
-74549
-74764
-74854
-75082
-75156
-73815
-73257
-74602
-73699
-67764
-66717
-64747
-62437
-62616
-63915
-63778
-62675
-67424
-63611
-66875
-72289
-72767
-72723
-72067
-71514
-71327
-70570
-70007
-69863
-74617
-74793
-74868
-74908
-75143
-73796
-70761
-70803
-71640
-67596
-67111
-67046
-67292
-67101
-64753
-60645
-58266
-64018
-62351
-63978
-71187
-71930
-71569
-71771
-71886
-71722
-71016
-69962
-69620
-74633
-74855
-74909
-75030
-75137
-74925
-71356
-69206
-73468
-71781
-69664
-69260
-69459
-69943
-70780
-71095
-70869
-70301
-68643
-63396
-69810
-71780
-71580
-72078
-71774
-70732
-70093
-70046
-70029
-74715
-74712
-74805
-74994
-75136
-75207
-75303
-76949
-79179
-74246
-67760
-68792
-71416
-71456
-71297
-71778
-71071
-68613
-70767
-66270
-67778
-71198
-71869
-72065
-71740
-71273
-71535
-71618
-71637
-74709
-74806
-74960
-75076
-75181
-74113
-78087
-79084
-75512
-68956
-62555
-63054
-65657
-68476
-69904
-71348
-70599
-69474
-69013
-68698
-66915
-70273
-72146
-71480
-71661
-71402
-71447
-71224
-71246
-74679
-74910
-74987
-75069
-75181
-73242
-72794
-72003
-69665
-69074
-69000
-68826
-68111
-66943
-64776
-64103
-64165
-65264
-65603
-67888
-67380
-67730
-69820
-70534
-71052
-71229
-71837
-71757
-71326
-74818
-74931
-74910
-74981
-75181
-72043
-68187
-70081
-68708
-66839
-67914
-69361
-71213
-70651
-67295
-62401
-58781
-58580
-60007
-60906
-62338
-63644
-66878
-70224
-71918
-72487
-72144
-71693
-70838
-74782
-74946
-74910
-74981
-75181
-73566
-68871
-68406
-66395
-63185
-62720
-63508
-64223
-63445
-62327
-62983
-63615
-63354
-62650
-59845
-61130
-63918
-66095
-69396
-71458
-71653
-70671
-70021
-69356
-74781
-74951
-74910
-75023
-75227
-75773
-74471
-71300
-68318
-63051
-58707
-58563
-60742
-60994
-60801
-62681
-62464
-61247
-62474
-62198
-64267
-65926
-68354
-68324
-69302
-70275
-70720
-71321
-71322
-74796
-74891
-75012
-75070
-75155
-75229
-76084
-75849
-77197
-76550
-73151
-69839
-67617
-65506
-65389
-65134
-63363
-62394
-65319
-67109
-68995
-69139
-69776
-69202
-68673
-70227
-71649
-71963
-72231
-74930
-74935
-75091
-75016
-75084
-75181
-75383
-76397
-78461
-80580
-80251
-77447
-72452
-70191
-69572
-69096
-67075
-68578
-69857
-69685
-70313
-70360
-70060
-70046
-69747
-70757
-70934
-70560
-71250
-74850
-74965
-74966
-74980
-74981
-75181
-75322
-75383
-75348
-75476
-76176
-77407
-78058
-75876
-71134
-68757
-66700
-69704
-70885
-70572
-70449
-70439
-70119
-70632
-70795
-71373
-71816
-71613
-72228
-74719
-74875
-74860
-74925
-74981
-75181
-75245
-75343
-75246
-75448
-75541
-75657
-76574
-75012
-71002
-68974
-65818
-67062
-69405
-71113
-71326
-71016
-70701
-70675
-71349
-72212
-72809
-73015
-72673
-74715
-74851
-74881
-74910
-74981
-75181
-75235
-75415
-75321
-75442
-75578
-75670
-75830
-76600
-76798
-77624
-71809
-68694
-66532
-68681
-70157
-71371
-71123
-71286
-71359
-72348
-73063
-73503
-73471
-74616
-74852
-74816
-74832
-74987
-75139
-75216
-75236
-75309
-75447
-75817
-75796
-75931
-76173
-77325
-78740
-78439
-73889
-69265
-65256
-65329
-68447
-70575
-71916
-72178
-72810
-73380
-73773
-73712
-74589
-74828
-74762
-74805
-74994
-75114
-75023
-75115
-75280
-75494
-75747
-75769
-75879
-76135
-76120
-76369
-77550
-77507
-76134
-70158
-65703
-63557
-65669
-69443
-71868
-72783
-73308
-73114
-72987
-74618
-74832
-74871
-74960
-75076
-75110
-75065
-75267
-75485
-75628
-75742
-75814
-75801
-76146
-75964
-76176
-76463
-77744
-78910
-79099
-75339
-69917
-65474
-63836
-64664
-67889
-69994
-71363
-71956
-74587
-74847
-74920
-74909
-75075
-75253
-75309
-75548
-75588
-75739
-75797
-75814
-75836
-76140
-76084
-76242
-76431
-76523
-77078
-78753
-79926
-79952
-74862
-68623
-63436
-61775
-61070
-62600
-65219
-74656
-74850
-74842
-74985
-75070
-75260
-75474
-75474
-75621
-75667
-75817
-75814
-75881
-76139
-76138
-76292
-76505
-76595
-76768
-77120
-78011
-79695
-80556
-80420
-77938
-71905
-65759
-61870
-59945
-74601
-74757
-74930
-75163
-75142
-75163
-75334
-75225
-75424
-75658
-75766
-75819
-75881
-76184
-76137
-76430
-76681
-76828
-77032
-77292
-77299
-77454
-78306
-80246
-82245
-82055
-80823
-78830
-75458
