-53
-29
-37
-22
-15
-28
-30
-3
34
-70
-23
7
-81
-42
-43
-27
6
-3
3
-8
37
29
-42
38
29
-4
-24
41
-8
-46
60
-9
8
64
34
-33
21
45
-1
44
-50
-50
-17
-19
23
124
110
63
127
28
25
92
55
3
-41
10
-39
1
-10
-28
8
-33
-46
-78
7
8
-56
-51
-2
-31
7
-3
-19
-15
-26
39
48
31
-40
6
14
-5
-17
-50
5
21
25
-38
-21
11
-127
-102
-38
14
-2
-9
28
32
15
-11
1
-1
-1
-7
-14
8
-3
6
-39
-43
-10
-24
-15
-34
-2
34
57
-87
-49
52
-20
-41
-27
-26
-45
-37
-8
4
7
-9
5
-17
14
17
13
-83
-90
-36
-13
-4
31
-7
-8
-9
-22
5
96
88
69
-19
69
82
48
90
41
75
81
15
26
64
84
9
62
41
19
44
36
43
34
44
54
35
16
-24
-18
19
-2
-36
-3
-8
-13
-68
-84
-62
-83
-127
-14
-60
-121
35
18
-22
115
98
8
112
-12
-68
-34
7
-30
-8
-54
-56
18
-6
-11
-9
-76
-77
-38
-30
-30
-67
-20
-25
57
74
39
13
2
-13
54
45
-68
81
106
32
14
76
-17
78
14
-69
6
-53
-73
23
5
1
-36
-49
-61
-33
-35
-20
-18
-17
-16
9
8
2
32
0
-17
-3
57
51
-13
-6
-84
93
48
0
84
39
-48
-8
-61
-86
-29
21
28
-22
48
39
-31
19
25
-11
11
-28
-36
-7
-127
-6
-37
-113
-103
-81
-108
-116
-119
-88
-109
-108
-63
-111
-42
-43
-127
-49
-47
-77
-35
-42
-76
27
59
-37
34
44
33
18
67
39
15
29
14
28
2
39
-14
24
-106
-29
-43
-48
-42
-78
-100
-54
-56
-26
16
94
-20
-8
89
-7
-35
36
-45
-25
-9
-33
-12
-2
20
-22
23
-67
-27
-29
-29
-28
-30
41
40
28
12
3
-44
-123
-76
-109
-62
-127
-122
59
37
-100
24
70
-10
67
-94
-25
-75
54
-42
-46
-65
4
-60
-119
14
-88
-39
-76
-40
-88
-14
-18
-110
-6
-22
-70
-75
-116
-14
-30
40
46
-52
-81
-100
-11
79
-98
41
-43
61
-88
-1
-63
78
9
-103
-97
6
-60
-46
54
40
74
6
-17
6
-40
-63
-11
-27
27
-37
14
-3
-2
10
50
34
39
10
14
-13
3
30
29
36
68
61
66
59
39
56
34
58
3
8
13
-5
5
-25
-22
-5
27
12
-19
-42
-35
-57
-53
-38
-41
-74
-36
-54
-59
-36
-30
-38
-34
42
0
69
116
0
-24
-36
-54
-6
-45
18
-32
-44
-5
-53
-93
-19
8
-127
36
-63
-71
-32
1
-8
69
28
24
50
66
2
-7
-3
16
39
39
19
13
50
57
73
15
46
-49
-7
4
74
14
-22
-34
3
-21
-44
-21
-32
-11
-37
2
33
73
82
-3
58
50
-25
-39
-7
-111
-28
25
-52
-68
-4
-127
-73
14
22
18
26
-20
11
-9
24
25
-20
3
-69
-39
-18
63
15
33
-13
16
