-126
-126
-126
-126
-126
-126
-126
-126
-126
-126
-125
-128
-126
-125
-125
-125
-125
-125
-122
-120
-121
-119
-120
-120
-120
-119
-117
-127
-126
-126
-127
-126
-126
-126
-126
-126
-126
-126
-126
-126
-125
-126
-126
-124
-123
-123
-122
-123
-123
-123
-122
-123
-123
-124
-125
-124
-124
-116
-115
-127
-127
-126
-126
-126
-126
-126
-126
-126
-126
-126
-126
-126
-128
-124
-123
-123
-123
-123
-124
-123
-123
-122
-123
-124
-124
-124
-126
-124
-123
-113
-115
-128
-126
-126
-126
-126
-126
-126
-126
-126
-126
-125
-125
-125
-124
-124
-125
-125
-125
-125
-124
-124
-124
-125
-125
-125
-125
-127
-125
-123
-123
-116
-114
-125
-126
-126
-126
-126
-126
-126
-126
-125
-126
-125
-124
-126
-126
-126
-125
-125
-125
-125
-124
-126
-126
-125
-125
-125
-127
-126
-124
-124
-124
-113
-111
-126
-126
-126
-126
-126
-126
-125
-128
-125
-123
-125
-126
-127
-126
-125
-125
-126
-124
-125
-126
-126
-126
-124
-124
-127
-126
-125
-125
-125
-125
-110
-126
-126
-126
-126
-126
-126
-126
-126
-123
-121
-125
-126
-127
-124
-125
-123
-126
-125
-127
-124
-126
-122
-124
-125
-124
-125
-125
-125
-125
-125
-124
-126
-126
-126
-126
-126
-126
-128
-124
-123
-121
-127
-128
-128
-128
-119
-116
-121
-121
-119
-127
-126
-123
-121
-121
-123
-124
-126
-125
-124
-125
-125
-126
-126
-126
-126
-126
-126
-126
-122
-120
-124
-128
-127
-124
-121
-119
-121
-123
-125
-123
-114
-118
-122
-125
-124
-126
-126
-126
-126
-126
-126
-125
-126
-126
-126
-126
-126
-126
-126
-125
-128
-128
-126
-121
-118
-119
-125
-124
-124
-128
-122
-112
-123
-126
-126
-126
-127
-127
-125
-126
-126
-126
-125
-126
-126
-126
-126
-126
-126
-126
-126
-128
-126
-125
-124
-123
-120
-119
-119
-122
-128
-124
-117
-124
-125
-126
-126
-126
-126
-125
-125
-125
-126
-126
-126
-126
-126
-126
-126
-126
-126
-126
-128
-126
-125
-124
-124
-124
-124
-121
-121
-123
-119
-108
-125
-125
-126
-125
-125
-126
-125
-125
-126
-126
-125
-126
-126
-126
-126
-126
-126
-126
-126
-128
-124
-125
-124
-124
-124
-124
-124
-125
-127
-127
-112
-116
-126
-125
-125
-126
-126
-126
-124
-125
-124
-125
-126
-126
-126
-126
-126
-126
-126
-126
-125
-124
-126
-128
-127
-126
-125
-125
-125
-127
-127
-115
-114
-126
-125
-125
-126
-126
-124
-124
-126
-125
-125
-126
-126
-126
-126
-126
-126
-126
-125
-128
-126
-122
-119
-120
-120
-120
-126
-127
-128
-126
-126
-116
-117
-125
-125
-126
-126
-125
-124
-125
-125
-126
-126
-126
-126
-126
-126
-126
-126
-126
-126
-124
-124
-125
-124
-126
-121
-120
-121
-125
-128
-125
-123
-119
-126
-125
-125
-125
-125
-125
-125
-125
-125
-126
-126
-126
-126
-126
-126
-126
-128
-125
-125
-124
-124
-124
-126
-127
-126
-123
-121
-121
-119
-120
-123
-116
-122
-126
-125
-126
-126
-126
-126
-125
-126
-126
-126
-126
-126
-126
-126
-127
-123
-122
-124
-124
-125
-127
-126
-125
-124
-122
-123
-121
-120
-122
-118
-118
-122
-126
-126
-126
-125
-125
-125
-126
-126
-126
-126
-126
-126
-126
-126
-128
-121
-118
-120
-119
-120
-121
-120
-121
-121
-125
-120
-119
-120
-121
-121
-121
-123
-126
-125
-125
-125
-125
-126
-126
-126
-126
-126
-126
-126
-126
-126
-126
-124
-122
-123
-125
-122
-125
-124
-120
-122
-120
-121
-122
-122
-124
-123
-123
-123
-125
-126
-126
-125
-126
-126
-126
-126
-126
-126
-126
-126
-126
-126
-126
-126
-126
-128
-117
-122
-122
-119
-123
-123
-124
-123
-125
-125
-123
-124
-124
-124
-126
-124
-124
-126
-126
-126
-126
-126
-126
-126
-126
-126
-126
-126
-126
-126
-126
-127
-128
-119
-122
-125
-125
-124
-124
-125
-125
-124
-124
-125
-125
-124
-125
-125
-126
-126
-126
-126
-126
-126
-126
-126
-126
-126
-126
-126
-126
-126
-126
-128
-118
-119
-124
-125
-125
-126
-125
-125
-124
-125
-125
-126
-125
-125
-126
-126
-126
-126
-126
-126
-126
-126
-126
-126
-126
-126
-126
-126
-126
-126
-126
-126
-125
-120
-122
-126
-126
-125
-125
-124
-125
-125
-125
-126
-126
-126
-126
-126
-126
-126
-126
-126
-126
-126
-126
-126
-126
-126
-126
-126
-126
-126
-126
-126
-128
-120
-120
-125
-125
-125
-125
-125
-126
-126
-126
-126
-126
-126
-126
-126
-126
-126
-126
-126
-126
-126
-126
-126
-126
-126
-126
-126
-126
-126
-126
-126
-127
-122
-120
-121
-125
-125
-125
-126
-126
-126
-126
-126
-126
-126
-126
-126
-126
-126
-126
-126
-126
-126
-126
-126
-126
-126
-126
-126
-126
-126
-126
-126
-126
-128
-119
-121
-123
-125
-126
-126
-126
-126
-126
-126
-126
-126
-126
-126
-126
-126
-126
-126
-126
-126
-126
-126
-126
-126
-126
-126
-126
-126
-126
-126
-126
-126
-126
-119
-120
-120
-124
-124
-126
-126
-126
-126
-126
-126
-126
-126
-126
-126
-126
-126
-126
-126
-126
-126
-126
-126
-126
-126
-126
-126
-126
-127
-126
-126
-127
-126
-121
-119
-120
-120
-121
-126
-126
-126
-126
-126
-126
-126
-126
-126
-126
-126
-126
-126
-126
-126
-126
-126
-126
-126
-126
-126
-127
-126
-127
-127
-126
-127
-127
-127
-122
-120
-126
-126
-126
-126
-126
-126
-126
-126
-126
-126
-126
-126
-126
-126
-126
-126
-126
-126
-126
-126
-127
-126
-126
-127
-127
-126
-126
-127
-127
-126
-127
-114
-114
-114
-114
-113
-113
-113
-113
-113
-113
-113
-122
-127
-128
-128
-128
-128
-125
-124
-123
-122
-124
-122
-122
-128
-128
-128
-108
-108
-108
-107
-114
-114
-114
-114
-113
-113
-113
-113
-113
-113
-117
-122
-123
-123
-123
-123
-123
-123
-123
-124
-124
-124
-124
-122
-126
-128
-128
-128
-108
-108
-108
-114
-114
-114
-113
-113
-113
-113
-113
-113
-113
-115
-120
-120
-120
-120
-120
-120
-119
-118
-119
-120
-121
-121
-120
-122
-128
-128
-128
-128
-109
-107
-114
-114
-114
-113
-113
-113
-113
-113
-113
-116
-118
-120
-121
-121
-121
-120
-120
-120
-119
-118
-120
-121
-121
-119
-119
-123
-127
-128
-128
-128
-108
-114
-114
-114
-113
-113
-113
-113
-113
-121
-122
-124
-123
-124
-125
-125
-123
-122
-120
-119
-118
-119
-121
-122
-119
-118
-120
-124
-127
-128
-128
-128
-114
-114
-114
-113
-113
-113
-113
-123
-128
-125
-124
-125
-126
-128
-126
-126
-124
-122
-119
-118
-119
-122
-122
-122
-120
-120
-122
-126
-127
-128
-128
-114
-114
-114
-114
-113
-113
-112
-117
-125
-124
-123
-124
-126
-128
-128
-128
-128
-128
-124
-119
-117
-118
-120
-120
-121
-120
-121
-122
-125
-127
-128
-114
-114
-114
-114
-113
-113
-104
-111
-124
-125
-125
-127
-128
-127
-125
-124
-121
-124
-128
-122
-116
-115
-116
-117
-116
-119
-119
-119
-121
-124
-127
-114
-114
-114
-114
-113
-113
-102
-96
-103
-127
-128
-128
-125
-121
-122
-122
-121
-121
-128
-123
-116
-115
-113
-116
-118
-119
-119
-119
-121
-123
-126
-115
-114
-114
-113
-113
-113
-113
-108
-109
-122
-124
-124
-128
-128
-124
-123
-122
-122
-128
-128
-121
-119
-118
-118
-119
-120
-121
-121
-121
-122
-123
-115
-114
-114
-114
-113
-113
-113
-111
-111
-122
-125
-124
-124
-121
-122
-128
-128
-128
-128
-128
-121
-120
-119
-119
-120
-119
-120
-120
-120
-120
-122
-115
-114
-114
-113
-113
-113
-113
-108
-108
-121
-124
-124
-124
-124
-120
-120
-117
-117
-121
-128
-121
-120
-120
-119
-119
-120
-120
-121
-121
-121
-121
-114
-114
-114
-114
-113
-113
-113
-109
-102
-112
-123
-122
-120
-121
-123
-123
-122
-120
-122
-128
-122
-120
-120
-119
-119
-119
-120
-120
-119
-120
-121
-114
-114
-114
-113
-113
-113
-113
-113
-102
-104
-128
-127
-122
-122
-122
-122
-124
-126
-126
-127
-128
-121
-120
-120
-119
-119
-119
-119
-122
-120
-120
-115
-114
-114
-113
-113
-113
-113
-113
-122
-124
-120
-119
-120
-127
-128
-128
-126
-126
-128
-128
-128
-127
-121
-120
-119
-119
-120
-121
-121
-122
-122
-114
-114
-114
-114
-113
-113
-113
-113
-116
-125
-125
-124
-121
-121
-125
-128
-128
-128
-128
-128
-128
-128
-123
-120
-119
-118
-119
-120
-121
-121
-121
-114
-114
-114
-114
-113
-113
-113
-107
-114
-124
-123
-123
-122
-123
-127
-128
-128
-128
-127
-128
-128
-128
-128
-122
-119
-118
-119
-120
-121
-122
-122
-114
-114
-114
-114
-113
-113
-113
-103
-100
-119
-123
-122
-123
-124
-128
-128
-128
-128
-126
-128
-128
-128
-124
-127
-122
-119
-119
-119
-120
-120
-119
-114
-114
-114
-114
-113
-113
-113
-112
-99
-98
-109
-110
-107
-113
-117
-120
-125
-128
-127
-125
-123
-123
-124
-122
-125
-122
-119
-118
-117
-119
-118
-114
-114
-114
-114
-113
-113
-113
-113
-111
-102
-100
-104
-102
-105
-116
-116
-121
-123
-121
-122
-122
-122
-122
-122
-122
-120
-120
-119
-119
-119
-119
-114
-114
-114
-114
-114
-113
-113
-113
-113
-113
-112
-111
-107
-97
-98
-108
-119
-120
-120
-120
-121
-122
-123
-122
-121
-118
-118
-121
-118
-117
-119
-114
-114
-114
-114
-114
-113
-113
-113
-113
-113
-112
-112
-112
-110
-102
-101
-117
-120
-120
-120
-120
-120
-122
-122
-120
-120
-117
-117
-119
-117
-118
-114
-114
-114
-114
-114
-113
-113
-113
-113
-113
-112
-112
-112
-111
-111
-96
-97
-107
-121
-120
-121
-120
-120
-121
-122
-119
-119
-118
-118
-118
-117
-114
-114
-114
-114
-114
-113
-113
-113
-113
-113
-112
-112
-111
-111
-111
-109
-101
-96
-97
-119
-121
-121
-120
-120
-120
-119
-119
-119
-119
-118
-118
-114
-114
-114
-114
-114
-113
-113
-113
-113
-113
-112
-112
-112
-111
-111
-111
-111
-107
-96
-96
-111
-122
-121
-121
-120
-120
-119
-120
-119
-120
-119
-115
-114
-114
-114
-113
-113
-113
-113
-112
-112
-112
-112
-112
-111
-111
-111
-111
-110
-109
-97
-94
-96
-116
-121
-120
-120
-120
-120
-121
-121
-121
-115
-114
-114
-114
-113
-113
-113
-112
-112
-112
-112
-112
-112
-111
-111
-111
-110
-110
-110
-110
-104
-93
-94
-101
-118
-122
-121
-121
-121
-121
-121
-115
-114
-114
-114
-114
-113
-113
-113
-112
-112
-112
-112
-112
-111
-111
-111
-110
-110
-110
-110
-109
-109
-100
-94
-93
-99
-112
-117
-120
-121
-122
-115
-114
-114
-114
-113
-113
-113
-113
-113
-112
-112
-112
-112
-111
-111
-111
-110
-110
-109
-109
-109
-109
-109
-108
-100
-94
-95
-94
-98
-106
-111
-115
-115
-114
-114
-114
-114
-113
-113
-113
-112
-112
-112
-112
-111
-111
-111
-110
-110
-110
-109
-109
-109
-109
-108
-108
-108
-105
-99
-93
-93
-95
-115
-115
-114
-114
-114
-114
-113
-113
-113
-112
-112
-112
-112
-111
-111
-111
-110
-110
-110
-110
-109
-109
-109
-109
-108
-108
-108
-107
-107
-106
-103
-2
-1
0
1
3
3
4
5
5
6
7
-11
-58
-74
-76
-76
-77
-78
-81
-85
-83
-79
-76
-78
-80
-51
-19
27
31
33
35
-2
-1
1
2
3
3
5
5
5
6
1
-48
-68
-69
-69
-68
-68
-69
-69
-66
-64
-63
-63
-64
-74
-80
-73
-25
30
32
34
-1
0
1
3
3
4
5
5
6
6
-20
-51
-51
-51
-51
-50
-50
-50
-49
-48
-51
-52
-52
-53
-66
-86
-90
-75
-23
28
35
-1
0
1
3
4
5
5
5
6
4
-36
-43
-44
-46
-45
-43
-41
-39
-35
-35
-41
-45
-45
-45
-54
-73
-86
-91
-86
-34
31
-1
0
1
3
4
5
5
6
3
-38
-46
-44
-45
-50
-48
-44
-41
-36
-29
-29
-36
-42
-42
-41
-44
-59
-73
-81
-89
-90
-27
-2
0
1
3
4
5
5
-5
-51
-55
-49
-49
-55
-62
-54
-49
-45
-36
-28
-28
-34
-42
-41
-39
-44
-49
-61
-73
-82
-91
-85
-2
0
1
2
3
4
3
-38
-65
-52
-50
-53
-62
-74
-82
-72
-59
-46
-38
-30
-32
-37
-39
-40
-41
-47
-51
-64
-74
-83
-92
-2
0
1
2
3
4
1
-29
-60
-52
-52
-59
-71
-85
-91
-80
-76
-77
-69
-38
-32
-31
-32
-32
-35
-38
-42
-50
-61
-72
-83
-2
-1
1
2
3
4
4
-2
-25
-57
-67
-83
-82
-70
-65
-59
-56
-62
-95
-53
-27
-24
-23
-24
-28
-33
-39
-43
-52
-64
-76
-3
-1
1
2
3
4
5
5
-10
-61
-82
-94
-92
-78
-62
-54
-52
-62
-101
-50
-25
-22
-22
-24
-28
-33
-38
-41
-47
-55
-67
-3
-2
0
2
3
3
4
5
-20
-60
-72
-78
-80
-82
-83
-78
-69
-74
-110
-61
-30
-25
-24
-26
-30
-32
-35
-40
-43
-47
-57
-3
-1
1
2
3
3
4
5
-11
-53
-64
-68
-67
-67
-67
-68
-73
-86
-116
-88
-32
-29
-29
-29
-29
-31
-35
-39
-41
-45
-51
-3
-1
1
2
3
4
4
5
0
-30
-56
-55
-54
-55
-56
-59
-61
-68
-90
-108
-38
-32
-32
-29
-28
-30
-36
-38
-38
-39
-46
-3
-1
1
2
3
4
5
5
6
-15
-59
-60
-53
-53
-54
-54
-58
-67
-86
-100
-69
-35
-32
-29
-28
-31
-33
-35
-37
-40
-42
-3
-1
1
2
3
4
5
5
-7
-54
-73
-78
-82
-82
-80
-64
-62
-70
-85
-95
-96
-50
-33
-30
-29
-31
-34
-39
-40
-41
-42
-2
-1
1
2
3
4
5
4
-36
-65
-65
-65
-65
-70
-86
-99
-99
-95
-93
-97
-99
-78
-43
-31
-30
-32
-34
-36
-39
-40
-41
-2
0
1
2
3
4
5
1
-33
-60
-59
-57
-56
-63
-81
-98
-108
-113
-114
-122
-108
-104
-72
-37
-30
-29
-31
-35
-39
-40
-40
-2
0
1
2
3
4
5
5
-8
-43
-52
-50
-52
-61
-82
-96
-103
-93
-92
-107
-97
-88
-73
-57
-35
-30
-31
-34
-38
-38
-37
-2
0
1
2
3
4
5
5
5
-9
-25
-31
-33
-44
-64
-76
-86
-91
-89
-87
-76
-70
-59
-56
-47
-36
-31
-30
-31
-33
-30
-1
-1
1
2
3
3
4
5
6
6
6
4
3
-7
-42
-55
-68
-72
-67
-62
-59
-54
-51
-49
-45
-36
-31
-28
-28
-31
-28
-1
0
1
2
2
3
4
5
6
7
8
9
10
9
-2
-23
-62
-51
-48
-48
-49
-48
-48
-45
-40
-33
-31
-30
-28
-27
-25
-2
0
0
2
2
3
4
5
6
7
8
10
11
12
12
2
-37
-42
-40
-41
-41
-40
-44
-44
-37
-32
-28
-27
-25
-22
-23
-2
-1
-1
1
2
3
4
5
5
7
8
10
11
12
13
13
1
-14
-35
-37
-38
-38
-40
-41
-36
-29
-27
-25
-23
-21
-22
-2
-1
-1
1
2
3
4
5
6
7
9
10
12
13
14
15
17
15
-3
-27
-38
-38
-37
-36
-34
-29
-27
-25
-23
-21
-22
-3
-1
-1
1
2
3
4
5
6
7
9
11
12
13
14
16
17
19
19
7
-17
-38
-38
-36
-32
-29
-27
-26
-25
-24
-24
-3
-2
0
1
2
3
4
6
6
7
9
11
12
14
14
16
17
20
22
22
18
-4
-26
-36
-32
-30
-29
-29
-29
-29
-30
-3
-1
0
1
2
3
4
6
7
8
9
11
12
14
14
16
17
20
22
23
25
24
15
-4
-27
-33
-33
-33
-32
-33
-34
-3
-1
0
1
2
3
4
6
8
9
10
11
12
14
15
16
18
20
22
23
25
26
28
27
14
-2
-17
-30
-33
-35
-38
-4
-1
0
1
2
3
4
6
8
8
10
11
12
14
15
17
18
21
23
24
25
27
28
29
30
29
23
13
2
-12
-25
-4
-2
-1
1
2
2
4
5
6
8
9
11
12
14
15
17
19
21
22
24
25
26
27
29
30
31
33
34
34
30
25
-4
-3
-1
1
2
2
4
5
6
8
9
10
12
14
15
17
19
20
22
23
24
25
27
28
30
31
33
34
36
38
39
-123
-123
-123
-123
-123
-123
-123
-123
-123
-123
-123
-122
-126
-125
-125
-124
-124
-120
-116
-115
-115
-116
-116
-116
-122
-124
-128
-124
-123
-123
-123
-123
-123
-123
-123
-123
-123
-123
-123
-123
-123
-119
-121
-119
-119
-119
-118
-119
-119
-119
-120
-118
-119
-120
-116
-118
-123
-124
-128
-124
-123
-123
-123
-123
-123
-123
-123
-123
-123
-123
-123
-118
-119
-119
-117
-117
-118
-117
-117
-117
-117
-118
-119
-120
-120
-118
-117
-120
-125
-125
-128
-125
-123
-123
-123
-123
-123
-123
-123
-123
-123
-122
-120
-123
-120
-120
-121
-121
-121
-120
-120
-120
-119
-120
-121
-121
-118
-116
-117
-119
-120
-124
-128
-125
-123
-123
-123
-123
-123
-123
-123
-123
-123
-126
-124
-124
-124
-125
-125
-124
-123
-123
-121
-121
-121
-122
-123
-120
-117
-117
-119
-119
-120
-122
-128
-123
-123
-123
-123
-123
-123
-122
-123
-126
-124
-124
-124
-124
-127
-125
-125
-125
-125
-122
-121
-121
-123
-123
-122
-121
-119
-119
-120
-120
-120
-121
-123
-123
-123
-123
-123
-123
-116
-120
-122
-122
-122
-122
-123
-123
-128
-128
-128
-128
-128
-122
-121
-120
-121
-122
-120
-121
-119
-119
-120
-120
-120
-123
-123
-123
-123
-123
-123
-112
-113
-121
-122
-123
-124
-125
-122
-116
-115
-116
-117
-128
-126
-120
-118
-121
-117
-117
-119
-119
-118
-118
-118
-119
-123
-123
-123
-123
-123
-123
-113
-106
-106
-120
-127
-128
-122
-115
-115
-118
-117
-112
-119
-121
-117
-117
-114
-118
-121
-121
-120
-119
-119
-120
-120
-123
-123
-123
-123
-123
-123
-123
-116
-107
-120
-116
-116
-120
-128
-123
-121
-119
-118
-119
-128
-125
-123
-123
-122
-122
-122
-122
-122
-120
-119
-119
-123
-123
-123
-123
-123
-123
-123
-117
-116
-120
-118
-117
-115
-114
-114
-127
-128
-122
-122
-128
-124
-124
-123
-123
-123
-122
-121
-122
-120
-119
-120
-123
-123
-123
-123
-123
-123
-123
-117
-114
-119
-121
-120
-120
-119
-115
-113
-110
-106
-105
-128
-124
-123
-124
-122
-122
-122
-122
-122
-122
-120
-120
-123
-123
-123
-123
-123
-123
-123
-120
-110
-111
-120
-120
-119
-119
-120
-121
-119
-113
-111
-118
-126
-123
-124
-123
-122
-122
-122
-122
-120
-119
-119
-123
-123
-123
-123
-123
-123
-123
-123
-112
-109
-123
-126
-122
-121
-121
-121
-121
-121
-118
-116
-128
-124
-123
-123
-122
-122
-121
-120
-121
-122
-120
-123
-123
-123
-123
-123
-123
-123
-121
-124
-120
-114
-112
-113
-119
-128
-128
-123
-121
-121
-118
-122
-128
-124
-124
-123
-122
-122
-121
-121
-122
-123
-123
-123
-123
-123
-123
-123
-123
-116
-121
-122
-121
-120
-115
-113
-115
-119
-128
-128
-124
-123
-123
-128
-128
-123
-123
-121
-121
-121
-122
-122
-122
-123
-123
-123
-123
-123
-123
-123
-112
-115
-122
-121
-121
-120
-119
-120
-118
-117
-114
-114
-121
-125
-122
-126
-126
-122
-121
-122
-122
-123
-123
-123
-123
-123
-123
-123
-123
-123
-123
-112
-109
-115
-121
-121
-120
-120
-121
-122
-121
-117
-113
-115
-120
-119
-119
-122
-126
-123
-122
-122
-122
-122
-122
-123
-123
-123
-123
-123
-123
-123
-122
-108
-108
-111
-115
-111
-111
-114
-114
-116
-122
-120
-118
-116
-119
-120
-119
-123
-126
-123
-121
-120
-121
-121
-123
-123
-123
-123
-123
-123
-123
-123
-122
-110
-107
-109
-103
-105
-112
-110
-113
-117
-116
-117
-117
-119
-120
-121
-122
-121
-124
-122
-122
-122
-123
-123
-123
-123
-123
-123
-123
-123
-123
-123
-123
-123
-122
-117
-106
-104
-108
-119
-117
-118
-119
-120
-121
-123
-122
-123
-122
-121
-123
-122
-121
-122
-123
-123
-123
-123
-123
-123
-123
-123
-123
-123
-123
-123
-123
-121
-112
-107
-116
-119
-121
-121
-121
-120
-122
-122
-122
-123
-121
-121
-123
-121
-122
-123
-123
-123
-123
-123
-123
-123
-123
-123
-123
-123
-123
-123
-123
-123
-107
-107
-110
-121
-122
-122
-121
-122
-122
-124
-123
-123
-122
-122
-123
-122
-123
-123
-123
-123
-123
-123
-123
-123
-123
-123
-123
-123
-123
-123
-123
-121
-110
-106
-107
-117
-123
-123
-122
-122
-122
-123
-123
-123
-123
-123
-122
-123
-123
-123
-123
-123
-123
-123
-123
-123
-123
-123
-123
-123
-123
-123
-123
-123
-120
-108
-107
-112
-123
-123
-123
-123
-124
-123
-123
-124
-124
-123
-123
-123
-123
-123
-123
-123
-123
-123
-123
-123
-123
-123
-123
-123
-123
-123
-123
-123
-122
-109
-106
-106
-116
-123
-123
-123
-123
-124
-124
-124
-124
-123
-123
-123
-123
-123
-123
-123
-123
-123
-123
-123
-123
-123
-123
-123
-123
-123
-123
-123
-123
-117
-106
-104
-107
-118
-123
-124
-124
-124
-123
-123
-123
-123
-123
-123
-123
-123
-123
-123
-123
-123
-123
-123
-123
-123
-123
-123
-123
-123
-123
-123
-123
-123
-114
-107
-106
-107
-114
-120
-122
-123
-124
-123
-123
-123
-123
-123
-123
-123
-123
-123
-123
-123
-123
-123
-123
-123
-123
-123
-123
-123
-123
-123
-123
-123
-122
-113
-107
-106
-106
-107
-111
-115
-123
-123
-123
-123
-123
-123
-123
-123
-123
-123
-123
-123
-123
-123
-123
-123
-123
-123
-123
-123
-123
-123
-123
-123
-123
-123
-120
-112
-106
-103
-103
-123
-123
-123
-123
-123
-123
-123
-123
-123
-123
-123
-123
-123
-123
-123
-123
-123
-123
-123
-123
-123
-123
-123
-123
-123
-123
-123
-123
-123
-123
-119
