-286
-440
-258
-268
-271
-257
-437
-266
-339
-514
-480
-547
-379
-266
-423
-481
-383
-448
-451
-506
-621
284
-3662
-9676
-5309
-1618
-978
-657
-500
-339
-353
-286
-257
-99
-200
-1027
-370
1731
2644
2701
2173
1357
2676
3673
676
2994
3074
131
598
3060
3529
2793
178
-5697
-4282
-1066
-557
-469
-513
-634
-692
-762
-286
-411
-269
-366
-282
-384
-368
-280
-401
-389
-411
-391
-321
-423
-481
-481
-436
-353
-298
-479
30
-2052
-7937
-5978
-1727
-371
184
226
227
259
179
-11
92
304
125
-509
-528
-39
465
1094
1232
1392
3297
2165
319
1619
1079
1006
2647
1399
652
3682
4662
2907
-2747
-4731
-1118
-596
-542
-599
-649
-748
-231
-342
-299
-355
-312
-466
-284
-265
-406
-467
-242
-209
-351
-481
-481
-481
-476
-334
-436
-417
-303
-6393
-6807
-2156
-524
204
802
913
689
914
915
970
1014
911
827
743
876
721
570
787
842
1310
1539
891
393
779
-85
-314
589
784
532
-213
739
5011
4048
-1238
-3404
-874
-611
-598
-556
-705
-358
-342
-299
-355
-312
-437
-295
-323
-407
-507
-380
-336
-351
-481
-481
-481
-407
-364
-518
57
-3699
-7640
-2580
-342
344
970
1341
1216
1204
1438
1479
1592
1459
1312
1160
1271
1312
1399
1672
1544
1344
1030
826
669
763
765
440
-410
-1056
158
1001
-311
-1805
-213
5611
5007
-613
-3289
-884
-638
-524
-552
-440
-258
-268
-271
-281
-284
-294
-297
-283
-492
-408
-255
-296
-481
-481
-505
-323
-309
-489
-294
-6396
-5319
-310
408
974
1243
1180
1099
1148
1254
1266
1188
1017
851
1132
1332
1147
1447
1709
1552
1095
863
697
726
821
802
766
-153
-745
-268
758
781
-60
-978
766
6594
4811
-4426
-5213
-1235
-662
-478
-411
-269
-366
-282
-379
-295
-392
-308
-410
-463
-390
-393
-423
-481
-481
-476
-334
-460
-72
-2657
-6998
-2323
42
662
949
762
529
562
816
904
762
579
629
717
760
760
818
1058
1160
802
531
591
655
687
412
526
359
-340
-544
-357
32
676
1195
951
-175
2165
5410
3808
-2677
-5352
-1549
-551
-342
-299
-355
-312
-368
-325
-381
-338
-468
-394
-351
-481
-505
-397
-450
-323
-309
-465
114
-6051
-6021
-222
211
538
590
217
-13
79
327
383
423
253
219
290
584
535
346
627
525
90
210
384
284
184
179
312
-5
-551
-945
-606
82
319
846
1233
1259
694
1055
4852
4787
-1365
-4397
-1390
-342
-299
-355
-312
-368
-325
-381
-338
-492
-310
-296
-481
-476
-408
-548
-358
-352
278
-3441
-8003
-2314
265
59
51
-123
-383
-452
-207
50
-17
-149
-66
58
79
173
190
420
543
80
-243
-6
130
43
-7
310
402
-23
-678
-1299
-923
-29
434
646
606
882
1298
965
683
5226
6147
152
-4109
-342
-299
-355
-312
-368
-349
-297
-283
-463
-321
-423
-481
-383
-546
-508
-136
-49
-3918
-9196
-4616
408
274
-41
-244
-360
-791
-854
-565
-419
-469
-251
-144
-86
25
51
206
489
315
-182
-348
-416
-165
-16
64
331
454
89
-502
-939
-564
-316
-22
572
524
281
530
720
715
917
6574
5963
-1037
-342
-299
-355
-312
-368
-296
-392
-465
-370
-435
-536
-481
-412
-530
124
-774
-5620
-8763
-4174
73
637
264
-114
-524
-830
-971
-746
-278
14
-43
167
58
-81
-160
0
381
545
212
-99
-374
-458
-423
-503
-93
305
65
-89
-313
-926
-780
-751
-357
376
504
404
14
115
602
721
1744
7466
5415
-318
-383
-410
-312
-368
-256
-411
-396
-399
-424
-409
-481
-505
234
-1394
-6742
-8034
-3099
295
880
364
111
-116
-808
-1173
-800
-637
-745
-465
143
328
-22
-201
-279
30
553
381
70
-335
-715
-384
-280
-335
-83
43
271
649
-319
-1220
-1131
-1052
-405
168
395
212
-269
-257
135
398
378
2768
8362
-347
-372
-283
-312
-368
-325
-357
-422
-523
-370
-435
-536
-332
-255
-6122
-7486
-1960
312
1095
850
177
48
-347
-769
-907
-797
-68
-133
-1415
-699
-194
-305
-249
-348
-6
458
18
-655
-969
-925
-729
-671
-170
-315
-157
598
-39
-1283
-966
-590
-515
-333
-225
-137
60
3
-107
20
117
249
248
3762
-416
-342
-225
-312
-368
-325
-386
-411
-396
-399
-424
-409
-173
-3484
-7502
-2110
-4
653
1766
1344
430
-63
-384
-485
-693
-1097
-497
750
142
-2876
-4197
-2180
-1200
-693
-15
397
-712
-1609
-561
-499
-1064
-543
-733
-361
1042
141
-1150
-82
814
500
-757
-1221
-531
-292
-100
-50
25
93
211
137
230
487
-440
-258
-170
-312
-368
-325
-455
-381
-338
-468
-394
-375
-750
-5222
-4977
-406
253
1087
2333
1501
264
-250
-500
-771
-1189
-1211
-1205
-725
-351
338
1305
535
-523
-1105
-1377
-1628
-2798
-817
732
-595
-501
-639
193
1649
958
317
438
-10
-1203
-1528
-754
466
207
-340
-298
44
325
370
277
174
360
771
-387
-353
-328
-396
-399
-409
-510
-381
-338
-468
-394
-322
-1883
-4335
-3417
-309
81
1190
2134
463
-632
-1001
-1255
-1428
-1619
-1385
-1481
-2808
-2482
2611
5025
3627
2316
1734
2179
1429
-2180
-890
-764
-2353
-1432
-369
1053
-109
-1503
-1708
-662
625
1165
1080
586
198
-241
-298
-132
71
316
553
429
365
400
497
-402
-372
-288
-385
-301
-374
-467
-436
-338
-468
-394
-282
-2165
-3617
-1581
911
101
1019
856
-515
-1006
-1585
-1639
-1733
-1762
-1534
-1355
-1284
626
3567
3515
2397
1593
1342
2314
2001
3225
3018
-1640
-2350
-1065
-1399
-1882
-1241
1241
2508
2337
857
186
342
165
-201
-169
-324
-106
-11
71
146
10
-182
60
121
-428
-397
-299
-355
-312
-373
-398
-285
-422
-523
-370
-435
-1266
-3884
-2577
2094
3119
1733
425
-876
-1476
-1966
-2831
-2984
-1159
732
1561
2239
3307
3122
2275
1795
1200
631
269
-1801
371
1397
3773
4157
3891
2480
1767
887
49
231
685
261
-287
-429
-399
-285
-451
-536
-498
-310
-209
-259
-355
-229
-43
-44
-359
-270
-299
-355
-312
-466
-284
-201
-411
-396
-399
-424
-340
-1971
-3389
-2255
1487
3173
1025
-960
-2128
-2259
-1578
-1052
-1942
-1383
361
1580
1786
1714
1472
1142
893
1102
-374
-2995
-3478
73
6259
3597
1726
591
175
-172
-731
-734
-629
-131
-188
-263
-382
-417
-552
-517
-537
-583
-524
-559
-503
-410
40
392
-360
-272
-414
-494
-367
-437
-295
-397
-381
-338
-468
-394
-351
-343
-1226
-2291
-2506
-5199
-3420
-1309
-1059
-474
1064
2595
3195
1460
-1875
-2542
-1153
-17
487
581
430
542
-1480
-3022
-3170
1650
7383
3755
1259
-348
-623
-536
-106
-292
-435
-663
-853
-559
-604
-672
-606
-145
-435
-825
-784
-593
-286
-287
-101
392
-262
-290
-305
-332
-324
-399
-409
-510
-381
-338
-468
-370
-435
-536
-407
113
-4648
-7341
-2584
-1359
-663
-25
707
1649
3455
4037
3392
1516
-1944
-3299
-2007
-779
-328
-1014
-2936
-3038
-2643
1918
6395
3503
1110
-32
-442
-409
-274
-272
-297
-784
-764
-564
-641
-599
-39
88
-366
-402
-295
-246
-140
-299
-390
-111
-273
-329
-286
-273
-255
-301
-398
-383
-357
-422
-523
-399
-424
-409
-431
-978
-5614
-4131
-1085
-508
-98
-4
385
441
661
1307
2732
2974
3256
3503
715
-2375
-2918
-3513
-4450
-4320
-3610
930
4360
2895
821
111
-14
-50
-140
-192
-494
-687
-690
-567
-682
-352
261
-29
-710
-285
54
-274
-291
-260
-33
-42
-273
-329
-286
-342
-225
-312
-368
-325
-410
-327
-341
-468
-394
-351
-402
-2151
-5253
-2664
-792
-147
39
193
363
640
605
602
490
327
1714
3153
3369
3500
1681
-1503
-4324
-5503
-4638
-946
1802
3649
517
-87
85
-122
-386
-927
-1078
-777
-422
-100
-255
-173
-114
-718
-534
32
-329
-540
-530
-394
-103
-251
-273
-329
-310
-282
-86
-281
-284
-270
-450
-308
-410
-468
-394
-351
-309
-2595
-4481
-1772
-710
-357
-183
45
493
881
740
799
748
431
392
118
1096
2202
2299
2321
1357
239
262
3429
8171
8175
-57
-55
71
-2
-390
-796
-444
-326
-156
224
-179
-402
-904
-751
45
-193
-217
-156
-523
-758
-677
-178
-273
-329
-281
-264
-224
-379
-295
-397
-381
-338
-468
-468
-394
-351
-338
-2712
-2936
-1701
-935
-331
19
198
716
1002
872
965
782
728
735
489
175
-286
-210
326
53
-165
-530
1408
9426
8473
300
47
-91
-139
-302
-298
136
-187
-153
-34
-396
-485
-418
53
-213
-435
-255
-287
-756
-1138
-482
224
-273
-329
-212
-225
-312
-368
-325
-455
-381
-338
-468
-468
-394
-351
-383
-1899
-3133
-2103
-33
-134
246
508
855
932
934
816
657
690
758
773
478
215
112
-220
-902
-1533
-1321
-661
6096
6713
3340
-34
-191
-179
-270
-106
51
-108
-213
-400
-449
-371
-390
-720
-675
-183
-139
-290
144
772
403
-178
-297
-245
-157
-225
-312
-368
-325
-455
-381
-338
-492
-384
-339
-351
-412
-708
-3225
-2559
-65
553
-34
208
484
702
726
657
863
997
914
583
382
545
367
53
-967
-2035
-1776
-1391
1835
7134
5314
-962
-506
-318
-62
60
120
-39
-267
-369
-228
-461
-712
-212
409
580
320
263
469
-172
-1060
-857
-268
-256
-284
-225
-312
-368
-325
-455
-381
-338
-463
-419
-382
-296
-505
-249
-1360
-3499
-1743
859
-1150
-2182
-1502
-1130
-925
-717
-409
-117
7
126
354
422
210
101
-858
-1862
-1757
-1466
-663
5366
4965
847
-1298
-352
-98
148
178
-39
-238
-210
-629
-1194
-651
242
672
527
-220
-846
-1185
-904
-163
392
-144
-286
-318
-309
-367
-368
-325
-479
-297
-283
-394
-420
-451
-423
-452
-320
216
-3034
-8572
-9064
-3808
-198
-1398
-2551
-3302
-4040
-4181
-3435
-2327
-1295
-743
-540
-465
-462
-1020
-1339
-1002
-726
-775
1212
5901
4325
-710
-787
-220
93
178
-39
-169
-306
-739
-342
597
644
-263
-1840
-1650
-337
77
-143
-426
-629
-247
-370
-402
-298
-240
-368
-325
-450
-308
-410
-370
-435
-536
-481
-436
340
-1790
-6734
-7730
-4760
-731
2038
2788
3306
3068
1921
1171
-95
-2317
-3631
-2991
-1625
-1095
-1074
-1642
-1415
-389
-178
-545
-765
3116
5209
2727
-311
5
105
87
-214
-423
-625
-808
-195
157
-1067
-1676
-753
346
454
391
102
-446
-638
-334
-359
-368
-184
-127
-368
-325
-381
-338
-468
-399
-424
-409
-481
-404
-212
-6173
-7131
-2083
-253
-66
173
470
1017
1464
2089
2832
2687
2848
2306
-483
-3050
-2724
-2126
-2349
-1589
-493
-322
-422
-283
222
4014
4387
979
-727
102
28
-202
-92
-148
-555
-507
-954
-1057
26
602
385
-65
-172
-465
-301
-33
-343
-214
-142
-140
-254
-368
-325
-381
-338
-468
-468
-394
-351
-481
-206
-3344
-7616
-1964
229
518
483
395
160
-36
100
280
-143
-408
747
2393
2886
1770
-910
-3830
-4164
-2609
-1474
-1223
-992
-9
586
1084
3354
2478
-722
-1021
6
-66
52
-448
-728
-273
-245
66
413
145
-241
-152
19
30
58
136
-325
-323
-211
-297
-312
-368
-325
-381
-338
-468
-468
-394
-351
-481
-554
-5053
-5761
-469
148
532
531
433
248
410
570
162
-663
-694
-1083
-757
788
1871
2204
1768
183
-1422
-2428
-3323
-3276
-2176
-116
678
1438
1940
-105
-829
-679
-243
-139
-497
-348
189
444
0
-190
-142
-81
77
-29
-141
-142
-181
-286
-342
-323
-271
-257
-368
-325
-381
-338
-468
-468
-394
-351
-481
-1416
-4533
-3983
23
165
358
566
546
410
523
930
263
-517
-662
-971
-890
-710
-394
645
1438
1879
2488
2407
2142
634
-292
343
57
-80
1283
4700
3166
-925
-363
-310
-298
-111
60
-192
-362
-473
-435
-363
-121
-140
-140
-41
-127
-231
-342
-294
-282
-384
-368
-325
-381
-338
-468
-468
-394
-351
-481
-1909
-3584
-2962
286
124
433
465
424
579
942
960
116
-167
-647
-1020
-723
-509
-174
-122
-466
1030
2327
2290
2381
2192
3353
2720
1745
1182
1083
5299
5110
1766
-1085
-739
-339
-260
-327
-481
-260
-259
-375
-307
-200
-249
-131
56
-86
-413
-342
-225
-312
-442
-368
-325
-381
-338
-468
-468
-394
-351
-481
-1338
-4027
-2239
1350
522
608
512
501
606
924
400
-592
-835
-1489
-1750
-872
-389
156
43
221
1620
1616
1090
67
220
2335
3015
2267
1238
1831
3356
4074
3864
1260
-244
-567
-389
-556
-753
-432
-252
-217
-286
-70
62
164
23
-151
-344
-342
-225
-312
-442
-368
-325
-381
-338
-468
-468
-394
-351
-481
-574
-3200
-2969
-10
1785
907
640
428
439
473
-300
-1067
-1590
-2175
-1433
-446
-239
343
398
880
1348
988
731
-447
-842
2291
3080
2030
1117
2052
2740
1823
2888
2985
1904
-203
-330
-524
-518
-344
-359
-288
-194
170
355
414
97
298
-286
-342
-201
-396
-497
-368
-325
-381
-338
-468
-468
-394
-351
-481
-452
-1010
-3266
-2808
688
2403
1224
667
728
371
-125
-606
-1228
-1536
-662
33
89
417
609
1852
1884
524
-550
-1831
-385
2672
2949
2752
1575
2595
2551
1315
726
2130
2375
1068
-82
-778
-573
-364
-233
-77
175
401
447
216
325
459
-310
-258
-175
-385
-370
-368
-325
-357
-422
-523
-468
-370
-435
-536
-412
-368
-1206
-3003
-2717
584
3983
3697
2791
2055
2209
3427
3143
2198
2489
2545
2982
3138
2465
2548
2466
1581
349
-165
1370
2697
3363
2046
1527
2744
2408
1507
497
967
1554
1984
1093
240
-404
-114
3
90
-65
194
192
254
458
277
-281
-269
-371
-355
-312
-368
-325
-386
-411
-396
-468
-399
-424
-409
-481
-407
-266
-1087
-2711
-1851
-237
996
1832
1838
1357
-218
-1142
194
-1753
-1044
25
6
949
471
371
1669
1949
1947
2076
2893
2438
759
1200
2020
1616
1176
521
276
747
1236
1254
1236
544
2
111
22
-306
-309
-422
-101
139
69
-133
-383
-484
-355
-312
-368
-325
-455
-357
-422
-523
-468
-370
-435
-536
-383
-379
-579
-478
-762
-1275
-907
-382
211
66
-1465
-950
132
-579
1890
-965
-975
-611
-2000
816
2702
1969
1729
1886
2143
1102
377
1277
1287
407
233
493
343
617
920
467
643
1133
308
-536
-550
-419
-510
-524
-209
17
184
-313
-288
-326
-271
-257
-368
-325
-455
-386
-411
-396
-468
-423
-340
-354
-436
-353
-367
-420
-308
-468
-521
-512
-574
-928
-1520
-2008
-2823
1337
4715
888
1286
-1508
-1103
3348
2310
1375
1335
1294
1245
596
628
1228
697
89
240
435
110
495
1287
393
-385
788
779
-126
-569
-676
-447
38
580
624
454
-411
-269
-366
-282
-384
-344
-409
-510
-455
-381
-338
-468
-463
-321
-423
-476
-334
-436
-420
-377
-531
-325
-321
-513
-525
-888
-1598
-3234
-1255
295
1643
1283
-2630
1735
3697
1236
914
941
652
360
375
790
888
462
373
481
381
20
236
1084
858
-1
-277
300
604
95
-171
-27
154
416
652
332
-318
-383
-386
-372
-581
-428
-398
-383
-455
-357
-422
-523
-394
-351
-481
-383
-448
-549
-420
-377
-502
-389
-382
-304
-333
-419
-639
-979
-1450
-2408
-1396
-3036
-1781
2949
1751
348
313
407
221
61
307
588
554
185
327
463
126
58
552
554
849
661
-445
-388
197
369
249
314
55
11
160
-181
-347
-372
-288
-390
-419
-454
-399
-409
-510
-386
-411
-396
-394
-351
-481
-412
-437
-422
-420
-377
-433
-483
-430
-244
-201
-488
-517
-459
-611
-1461
-3897
-3666
1531
3195
654
230
173
101
8
48
216
384
133
-341
86
305
60
399
845
156
376
555
126
-166
-228
38
652
670
31
-312
-213
-161
-416
-318
-383
-484
-360
-385
-301
-398
-383
-455
-381
-338
-370
-435
-536
-481
-407
-364
-420
-377
-433
-385
-442
-371
-358
-546
-477
-531
-407
-497
-3554
-4123
943
4172
1141
252
5
-10
158
128
51
215
-127
-579
-151
358
42
429
855
473
29
137
348
127
-491
-153
448
456
9
-372
-415
-312
-471
-347
-372
-357
-429
-355
-312
-368
-325
-455
-381
-338
-399
-424
-409
-481
-407
-364
-420
-377
-433
-292
-487
-514
-416
-546
-570
-457
-368
-274
-1171
-3630
-1978
1415
3322
3019
936
-42
-51
-143
-218
119
-101
-600
-168
353
265
412
878
903
146
177
326
-34
-242
-87
17
114
-176
-234
-377
-469
-344
-416
-342
-299
-429
-355
-312
-368
-325
-455
-381
-338
-468
-394
-351
-481
-407
-364
-420
-377
-433
-345
-392
-332
-416
-570
-457
-344
-496
-436
-356
-1199
-1967
-2011
-1790
320
3018
1778
83
-371
-363
-39
-258
-397
-150
92
22
211
660
770
302
115
-30
4
81
-78
-36
-58
-289
-234
-308
-499
-286
-416
-342
-299
-429
-355
-312
-368
-325
-455
-381
-338
-468
-394
-351
-505
-323
-309
-420
-401
-349
-330
-373
-401
-416
-541
-399
-525
-401
-382
-425
-482
-319
-802
-2517
-2831
-1056
1628
1877
233
-208
-211
-55
-159
-98
-40
-124
208
322
417
487
182
-305
-9
194
-78
-41
-107
-277
-349
-447
-554
-370
-471
-342
-299
-429
-355
-312
-368
-325
-455
-381
-338
-492
-310
-296
-476
-334
-436
-420
-348
-444
-443
-403
-459
-440
-388
-374
-554
-412
-440
-455
-580
-438
-466
-505
-1621
-2959
-2371
1087
2838
742
-238
-111
-136
-47
-169
-111
119
106
93
316
133
-294
-193
-24
-253
-393
-241
-285
-446
-599
-772
-359
-344
-318
-383
-484
-355
-312
-368
-325
-455
-381
-338
-463
-321
-423
-407
-364
-494
-420
-308
-463
-374
-427
-375
-356
-399
-525
-401
-387
-498
-455
-511
-468
-524
-476
-366
-1361
-3163
-2618
-89
2873
1944
204
27
60
-77
-84
45
87
74
130
111
-142
-145
-62
-277
-306
-248
-405
-468
-517
-653
-329
-286
-371
-288
-326
-271
-257
-368
-325
-455
-381
-338
-394
-375
-421
-268
-309
-494
-420
-377
-457
-232
-343
-386
-414
-429
-554
-412
-514
-498
-455
-511
-468
-524
-431
-365
-465
-697
-2507
-3050
-1226
2054
3010
1264
389
115
-3
33
32
74
61
43
-88
-88
-221
-363
-349
-379
-437
-511
-535
-739
-329
-286
-387
-353
-421
-282
-384
-368
-325
-479
-297
-283
-394
-346
-403
-406
-460
-434
-281
-346
-344
-188
-401
-416
-472
-429
-485
-442
-572
-498
-455
-511
-468
-524
-402
-416
-544
-432
-656
-1686
-3056
-2519
90
2977
2141
875
438
193
-16
-156
-169
-256
-317
-323
-494
-562
-351
-296
-272
-430
-631
-750
-384
-286
-371
-288
-228
-312
-466
-284
-270
-450
-308
-410
-394
-277
-388
-434
-350
-385
-335
-389
-286
-345
-459
-416
-472
-429
-485
-442
-572
-498
-479
-427
-413
-524
-333
-377
-563
-520
-576
-464
-964
-2588
-2902
-1589
1372
3652
2566
1285
377
2
-42
-213
-398
-427
-485
-323
-192
-264
-293
-332
-475
-561
-257
-286
-411
-269
-297
-312
-413
-379
-452
-381
-338
-468
-394
-277
-335
-500
-474
-444
-458
-421
-261
-403
-459
-416
-472
-429
-461
-526
-627
-498
-450
-438
-564
-440
-278
-377
-563
-520
-576
-533
-589
-448
-1718
-2979
-2254
-664
1674
2586
1350
599
126
-199
-281
-242
-241
-164
-145
-191
-157
-374
-616
-605
-120
-370
-397
-299
-331
-396
-428
-398
-383
-357
-422
-523
-394
-277
-295
-450
-435
-409
-543
-569
-304
-348
-459
-416
-472
-429
-514
-431
-469
-414
-326
-468
-593
-451
-405
-377
-563
-520
-576
-533
-589
-501
-479
-725
-1586
-2694
-2682
-476
2703
3201
2264
1039
458
327
12
43
-48
-136
-326
-567
-612
-598
-360
-414
-270
-299
-384
-301
-339
-284
-270
-386
-411
-396
-370
-361
-395
-504
-432
-462
-379
-364
-457
-530
-459
-416
-472
-429
-554
-412
-509
-425
-453
-492
-464
-366
-324
-346
-479
-465
-576
-533
-589
-541
-529
-533
-542
-1004
-2325
-2580
-1828
73
2209
2736
2953
1443
508
668
604
191
-380
-637
-629
-493
-531
-257
-212
-299
-400
-366
-434
-295
-397
-455
-357
-422
-478
-242
-350
-464
-250
-478
-444
-448
-476
-461
-459
-416
-472
-429
-485
-442
-498
-455
-511
-463
-422
-535
-601
-499
-490
-616
-492
-478
-589
-472
-559
-620
-616
-567
-545
-1171
-2273
-2184
-1897
-467
1416
2392
3479
2957
1873
806
384
49
-217
-278
-374
-175
-272
-438
-415
-385
-272
-409
-510
-455
-410
-327
-336
-252
-424
-354
-542
-548
-463
-448
-422
-487
-514
-416
-472
-429
-461
-526
-553
-479
-427
-339
-412
-596
-467
-306
-520
-645
-503
-605
-589
-448
-643
-744
-546
-528
-574
-676
-636
-1017
-1831
-1814
-1722
-1243
-77
899
2238
2990
3054
2564
2425
2104
-316
-204
-290
-300
-357
-355
-243
-398
-383
-455
-426
-392
-367
-435
-467
-373
-427
-447
-488
-390
-451
-476
-363
-500
-527
-429
-514
-431
-371
-450
-438
-466
-505
-522
-335
-351
-604
-631
-533
-663
-589
-477
-632
-617
-591
-582
-640
-715
-646
-578
-672
-779
-1078
-1493
-1652
-1747
-1692
-701
848
1717
2575
2944
-316
-273
-305
-296
-354
-355
-312
-368
-325
-455
-386
-411
-327
-424
-409
-481
-338
-320
-361
-390
-520
-446
-334
-489
-400
-429
-554
-412
-440
-381
-468
-524
-476
-464
-492
-438
-593
-480
-617
-718
-565
-630
-633
-643
-675
-547
-597
-770
-739
-586
-463
-488
-625
-584
-721
-960
-1530
-1495
-1226
-1277
-1066
-355
-292
-357
-389
-261
-311
-410
-312
-344
-409
-510
-455
-381
-338
-394
-351
-481
-407
-290
-303
-390
-520
-446
-403
-459
-342
-429
-485
-442
-498
-381
-492
-440
-352
-494
-526
-591
-594
-535
-637
-675
-649
-619
-535
-632
-617
-522
-588
-782
-765
-637
-664
-512
-482
-555
-710
-695
-693
-581
-760
-839
-1191
-1211
-321
-346
-331
-260
-242
-259
-396
-428
-398
-383
-455
-381
-338
-394
-351
-481
-383
-374
-358
-390
-520
-446
-403
-459
-342
-429
-485
-442
-498
-357
-547
-506
-455
-578
-610
-580
-496
-593
-509
-606
-591
-589
-546
-602
-559
-620
-576
-562
-653
-653
-723
-581
-609
-624
-680
-637
-693
-650
-701
-516
-772
-677
5471
5759
5691
5816
5867
5865
6045
6000
6082
6045
6062
6421
6503
6460
6519
6512
6338
6421
6472
6578
6722
2401
-422
592
-2743
-4735
-5044
-4834
-4776
-4768
-4488
-4336
-4196
-4169
-3561
-1597
-835
-2202
-3811
-4821
-4998
-4060
-4853
-4557
-1547
-4408
-6289
-6702
-7860
-10794
-15326
-20963
-20359
-6108
5778
9520
9739
9690
9697
9894
10181
10445
5471
5693
5714
5876
5890
5991
5937
6018
6199
6087
6046
6229
6418
6519
6512
6512
6531
6504
6454
6640
3926
299
16
-2319
-4057
-4823
-5330
-5278
-5275
-5376
-5245
-4817
-4529
-4521
-4257
-3110
-1816
-674
-33
-105
223
660
-1140
-874
595
-266
335
-864
-5314
-5751
-4417
-8264
-16261
-22736
-11285
4691
9342
9816
9763
9744
9949
10295
5513
5585
5647
5761
5823
6111
6043
6102
6416
6561
6261
6170
6351
6512
6512
6512
6573
6594
6695
6368
2617
1919
263
-1728
-2090
-2484
-2965
-3129
-3005
-3175
-3073
-3040
-2975
-2976
-3082
-3058
-3382
-3254
-2470
-1558
-695
-690
-1341
-1448
-1151
-1248
-9
515
-2015
-5519
-6246
-4189
-5158
-14930
-22578
-11326
5155
9641
9871
9877
9806
10063
5639
5585
5647
5761
5823
6045
6066
6120
6283
6511
6410
6296
6351
6512
6512
6512
6465
6527
6815
4405
4036
3823
-165
-514
-314
-273
-483
-411
-313
-176
32
-11
-79
-253
-297
-378
-417
-655
-924
-859
-882
-856
-919
-885
-1126
-1377
-1508
-1436
-2082
-5088
-8518
-8273
-5418
-5496
-15552
-21428
-8632
6634
9766
10049
10108
10153
5759
5691
5816
5867
5992
6043
6168
6219
6217
6463
6569
6437
6393
6512
6512
6639
6571
6569
6749
3969
5375
3634
1166
1290
1475
1666
1585
1419
1397
1527
1709
1683
1636
1872
1830
1842
2053
1839
1432
899
515
223
237
301
301
211
-143
-232
-1227
-3358
-6321
-8786
-8909
-6648
-7169
-18130
-24113
-9844
5066
9505
10340
10285
5693
5714
5876
5890
6052
6066
6228
6242
6343
6397
6526
6586
6519
6512
6512
6573
6594
6822
5350
4842
5312
2120
1978
1816
1785
1956
1952
1789
1553
1504
1685
2039
2103
2022
2223
2609
2880
2819
2521
2089
1508
1196
980
771
1090
1263
1585
1729
578
-1527
-3474
-5274
-7317
-8502
-7624
-10174
-18558
-25812
-14805
2954
9493
10450
5585
5647
5761
5823
5937
5999
6113
6175
6336
6289
6351
6512
6639
6618
6681
6571
6569
6622
2818
4166
3431
945
1672
1561
1282
1275
1211
1049
1036
1196
1293
1496
1779
2014
1837
2045
2591
2760
2762
2618
1846
1167
875
644
657
1019
1819
2418
2090
376
-1833
-3232
-4336
-5577
-7379
-8249
-9385
-17135
-26625
-16684
2549
9878
5585
5647
5761
5823
5937
5999
6113
6175
6463
6395
6393
6512
6573
6641
6741
6721
6801
3193
1561
2689
-70
181
737
606
330
199
143
-21
-144
-7
435
827
992
1178
1478
1912
2231
2505
2888
2774
2041
1238
714
569
401
589
1334
2115
2493
1698
-7
-1864
-3067
-3308
-4050
-6068
-7662
-8489
-16599
-26522
-15577
4301
5585
5647
5761
5823
5937
6126
6219
6217
6397
6418
6519
6512
6338
6595
6690
5741
995
-2119
543
-185
-1395
-709
-243
-294
-1095
-1553
-1688
-1787
-1699
-1292
-861
-170
420
622
968
1634
2088
2543
2875
2619
2230
1708
1157
721
619
714
1275
2255
2825
2148
1055
-475
-2198
-2801
-2748
-3445
-5050
-6573
-7873
-18555
-26592
-12378
5585
5647
5761
5823
5937
5933
6136
6301
6162
6245
6470
6512
6404
6633
4407
-1360
-3770
-2574
-2688
-1969
-1183
-1125
-1038
-1104
-1764
-2708
-2840
-2456
-2292
-2033
-1681
-1046
-472
66
623
1385
2163
2798
3052
2693
1833
1259
1179
704
175
546
1211
1930
2588
2275
1622
390
-1145
-2187
-2686
-2706
-3421
-4815
-5978
-8545
-20910
-25452
5458
5541
5719
5823
5937
5891
6046
6168
6228
6222
6344
6512
6639
3711
-1410
-3219
-3616
-4204
-3038
-1800
-1123
-1278
-1691
-1837
-2147
-3663
-4825
-3846
-2330
-2167
-2337
-2014
-1530
-899
-164
783
2081
2773
3138
3289
2221
1198
687
348
482
757
468
777
1197
1526
1798
1060
-110
-1570
-2631
-2849
-3092
-3796
-4618
-5286
-9517
-23540
5524
5518
5593
5823
5937
5999
5986
6069
6294
6162
6245
6470
5811
1206
-441
-1735
-3885
-4033
-3696
-2148
-1033
-1239
-1550
-1879
-2386
-3395
-6327
-8400
-6033
-3913
-3343
-3273
-3066
-2565
-1905
-887
304
1374
2370
2882
2510
1685
488
52
304
22
-173
234
461
1156
1597
1187
394
-589
-1919
-2852
-3289
-3743
-4264
-5027
-5775
-11591
5632
5585
5600
5823
5937
5999
6052
6046
6168
6228
6222
6344
4702
4035
3099
-1790
-2681
-3232
-3143
-1710
-728
-690
-950
-1578
-2332
-2933
-4593
-9590
-15240
-14314
-9757
-7320
-5649
-4884
-4430
-3933
-2713
-534
1054
2048
2408
1091
723
727
-757
-591
1076
1568
1312
499
429
858
731
156
-917
-2026
-2869
-3333
-3946
-4514
-5281
-6158
5759
5691
5642
5823
5937
5999
6160
6113
6175
6336
6289
6478
5801
6970
3856
-723
-1390
-1805
-1939
-856
-254
-535
-1186
-1992
-2705
-3535
-4284
-6539
-11283
-15535
-15506
-12453
-10689
-10599
-10741
-9413
-5503
-2768
122
2803
2720
3520
3333
1986
1879
1122
-164
-646
45
1279
1722
953
1049
958
307
-650
-1717
-2432
-2895
-3444
-4054
-5053
5566
5608
5599
5717
5768
5893
6118
6113
6175
6336
6289
6285
8120
8565
4099
-393
-661
-1471
-2216
-1502
-1543
-2018
-2684
-3483
-4277
-5323
-6202
-4869
-3178
-5401
-6971
-6642
-6470
-7370
-10736
-14831
-13781
-10166
-4322
469
3221
4382
2847
1249
-113
544
1722
2178
1733
1553
2126
2357
2270
2004
1435
895
125
-821
-1478
-2301
-3077
-3560
5482
5518
5532
5694
5708
5743
5886
6071
6175
6336
6289
6243
9350
12601
7524
223
-1477
-2894
-3276
-3062
-3875
-4311
-4860
-5365
-6002
-6132
-5366
-3156
-1629
-1758
-1300
-557
359
1070
-812
-4324
-14430
-19771
-12697
-6351
-3246
-150
2740
5028
4589
3078
2531
3857
4524
3616
2695
2467
2463
2691
2262
1582
853
-86
-1008
-1872
-2905
-3304
5358
5543
5647
5761
5823
5876
5870
5818
6069
6294
6162
6245
7592
13730
16211
9305
1668
-2488
-4202
-4759
-6193
-8424
-8619
-6057
-3435
-1845
-557
158
-407
-621
-337
-109
346
1113
1025
712
-6315
-11875
-10047
-3115
514
2596
3678
5117
6766
6422
4482
3017
2617
2633
2505
2135
2084
2180
2209
1713
857
-2
-791
-1944
-3242
-3871
5342
5417
5647
5761
5823
6111
6043
5933
6046
6168
6228
6222
6236
8689
13780
17685
13394
3889
-2870
-6051
-7677
-9496
-12025
-13090
-8968
-2952
587
1227
782
121
19
386
692
-384
-1392
-2349
-4517
-8444
-8385
-224
3609
4745
4135
3082
2818
3203
3811
3490
3029
2521
2116
1528
1251
1327
1513
1436
945
262
-369
-890
-2168
-3628
5240
5191
5372
5613
5781
6045
6066
6167
6113
6175
6336
6289
6351
6296
7519
9755
9218
6715
575
-2992
-4078
-4922
-6754
-10284
-14801
-15542
-10666
-5420
-2459
-1119
-469
95
776
249
-564
-2749
-4751
-9986
-11398
-4430
-652
1211
2049
2608
2569
2849
2921
3016
2816
2340
1872
1375
1163
831
814
893
992
817
250
-129
-607
-1798
5180
5234
5289
5337
5549
5768
5893
6118
6113
6175
6336
6162
6245
6470
6465
3730
3807
2922
-823
-914
-883
-876
-1123
-1875
-5153
-9682
-14046
-16051
-13800
-9269
-5163
-2539
-1488
-495
157
-2171
-5052
-10926
-11476
-4116
-28
1132
1993
2608
2822
2640
2279
2289
2137
2075
2125
1903
1335
1263
1316
1065
1244
1315
724
40
-410
-854
5295
5409
5471
5477
5533
5708
5870
5992
5986
6069
6294
6228
6222
6344
6592
5826
6312
2680
-144
-1066
-1439
-1546
-1645
-1174
-657
-962
-3103
-6093
-10531
-15132
-15365
-12195
-9202
-6060
-4047
-5056
-7876
-14645
-14570
-5588
503
1340
1560
2135
2680
2663
2487
2120
1803
1960
2534
2586
1875
1446
1799
1661
1509
1751
1460
704
-281
-665
5295
5409
5471
5585
5600
5823
5937
5999
6179
6152
6210
6336
6289
6351
6526
7709
7713
3045
432
-776
-1410
-2033
-2357
-2338
-1825
-1297
-359
950
186
-2754
-7070
-11718
-14053
-13737
-12149
-11918
-14770
-22005
-21037
-10256
188
1437
1272
1422
1599
1891
2177
2286
2004
1901
2358
2231
1622
1593
1349
957
1175
1490
1857
1427
152
-559
5295
5409
5598
5818
5748
5992
6043
6041
6221
6242
6343
6336
6289
6351
6291
8768
8613
3488
566
-689
-1187
-1487
-1885
-2036
-1760
-1759
-1555
-934
-13
1680
1960
553
-1631
-4096
-5330
-6321
-8177
-16039
-24067
-16363
-1125
1194
1135
791
969
1508
1844
2534
2591
2020
1847
1346
1494
1462
970
1119
927
759
1051
1165
736
66
5295
5409
5532
5775
5897
6052
6066
6167
6113
6175
6336
6336
6289
6351
6357
10122
9993
5004
1055
-309
-807
-791
-1000
-1050
-889
-1124
-1189
-1237
-1165
-733
32
1461
2766
3564
4006
2755
1151
-3549
-18771
-18819
-4544
896
1493
1355
1587
1918
1953
2591
2628
2221
2027
1893
1677
1054
869
806
657
79
12
1002
1286
671
5295
5409
5424
5600
5823
5937
5999
6160
6113
6175
6336
6336
6289
6351
6338
8864
12381
9046
2558
575
138
35
-57
139
152
-79
-419
-674
-785
-1071
-1182
-1002
-618
172
1235
1544
441
-1435
-13794
-18939
-9876
181
1524
1412
1479
1640
1869
2235
2402
2501
2343
1844
1045
708
751
698
969
1683
1890
1432
1119
523
5422
5515
5466
5600
5823
5937
5999
6160
6113
6175
6463
6442
6331
6351
6404
6891
12115
13550
7096
1189
25
24
323
763
1333
1544
1169
559
75
-111
-411
-935
-1316
-1596
-1070
-462
-775
-1107
-6239
-17885
-15671
-3017
1109
1486
1355
1431
1736
2127
2462
2661
2279
1840
1731
1598
1708
1959
2371
2488
1797
1195
1005
617
5356
5538
5592
5600
5823
5937
5999
6160
6113
6175
6397
6592
6563
6393
6639
6524
8481
14064
12370
1587
-4883
-5432
-4251
-2758
-1091
159
623
614
575
620
264
-242
-766
-1807
-2399
-2643
-2779
-2502
-3023
-13652
-18939
-10623
-821
1177
1495
1505
1743
2127
2396
2129
1855
2110
2440
2816
2787
1911
607
149
933
1735
1955
1763
5290
5471
5458
5494
5781
5937
5999
6287
6219
6217
6289
6459
6579
6519
6446
6314
3340
-173
562
295
-6607
-12685
-13825
-13987
-13119
-11293
-8833
-6131
-3664
-1840
-916
-769
-879
-1348
-2054
-3215
-3973
-3907
-3537
-5961
-16087
-16826
-6362
-201
1137
1463
1743
2127
2288
2406
2672
2522
2028
1016
-324
-44
312
-110
117
924
1462
1492
5289
5365
5482
5471
5655
5937
5999
6221
6242
6343
6162
6245
6470
6512
6531
3094
-1944
-4339
-5098
-3350
-2066
-3431
-5627
-8410
-10797
-12387
-14397
-15913
-15125
-11057
-6361
-3786
-2657
-2248
-2047
-2764
-4002
-4476
-4557
-4016
-8460
-14978
-11967
-3081
384
1062
1341
1619
1865
2281
2596
1885
444
-15
314
372
466
926
638
80
-153
-35
5348
5342
5591
5644
5704
5937
5999
6113
6175
6336
6228
6222
6344
6512
6192
2023
372
-1079
-2115
-976
337
1496
2252
2127
1549
57
-2968
-6792
-12499
-17502
-16793
-11837
-7918
-5511
-4079
-4013
-4470
-4767
-5464
-6045
-5509
-10046
-13578
-8146
-1084
669
1176
1664
1739
1644
1227
397
993
1578
1311
1273
1018
618
368
714
787
618
5689
5684
5680
5709
5830
5937
5999
6113
6175
6336
6336
6289
6351
6512
5139
5000
4340
-953
-1756
-2144
-1994
-1781
-1388
-686
250
930
1176
691
-1833
-7315
-13757
-18170
-18356
-14669
-10850
-8686
-7417
-6350
-5917
-6999
-7819
-7894
-12223
-13709
-6856
-494
1233
1829
1764
2006
2030
1625
1990
2346
1796
1057
864
867
1028
1137
1370
1430
5646
5767
5721
5768
5823
5937
5999
6113
6175
6336
6336
6289
6351
6512
5422
6798
4180
-1008
-1446
-1834
-1967
-1885
-1674
-1672
-1602
-1157
-785
-1510
-1815
-2627
-5236
-8950
-13333
-17057
-18148
-17409
-16288
-14379
-12090
-9839
-9278
-9527
-11829
-16665
-14634
-6311
-42
1454
2041
2696
3079
2839
2268
2094
1963
1637
1290
961
993
1102
1061
1258
5471
5585
5774
5867
5865
5937
5999
6113
6175
6336
6336
6289
6351
6512
7232
8199
4138
-995
-1326
-1289
-1249
-1293
-1212
-934
-1107
-951
-1049
-1875
-2974
-3976
-4377
-4447
-5323
-7379
-9960
-12019
-13226
-15660
-16510
-14880
-12419
-10163
-9464
-11081
-16405
-13273
-3908
210
1936
2761
3034
2751
2247
1741
1631
1461
1116
745
655
630
589
618
5513
5585
5708
5890
5991
5937
5999
6113
6175
6336
6336
6289
6351
6512
8905
10483
5964
-287
-1096
-1171
-705
-238
-52
-59
140
396
-436
-1609
-3026
-4643
-5511
-5992
-5770
-4246
-3576
-3230
-3147
-4995
-8697
-12011
-10644
-8304
-6662
-5479
-9176
-12463
-10185
-3408
268
1796
2386
2630
2469
1750
1300
1129
717
397
549
789
683
579
5597
5585
5600
5823
5984
5937
5999
6113
6175
6336
6336
6289
6351
6512
7874
13471
10939
2653
-511
-983
-403
140
457
111
25
110
-757
-1989
-3358
-4776
-5699
-6533
-6293
-5316
-4463
-3244
-2667
-2490
-4431
-7352
-7407
-5786
-4280
-4205
-4266
-5857
-9440
-8056
-3278
190
1445
2173
2506
2265
1883
1459
1134
747
682
745
1068
1256
5464
5585
5600
5823
5984
5937
5999
6113
6175
6336
6336
6289
6351
6512
6747
11463
15166
10383
2355
-462
-561
-91
-42
-583
-1092
-1760
-2172
-2443
-3778
-4904
-5388
-6237
-6785
-7279
-6111
-4148
-3555
-3340
-3944
-6585
-6594
-5249
-3737
-3682
-2791
-1058
-3043
-6267
-5896
-1976
278
1751
2180
2191
2192
2137
1916
1598
1495
1512
2140
2648
5471
5585
5473
5717
5942
5937
5999
6113
6175
6336
6336
6289
6351
6512
6446
7394
12344
15803
10658
2921
404
504
534
513
-260
-1557
-2134
-2166
-3110
-4083
-4848
-5340
-5466
-7501
-8423
-6935
-5285
-2932
-3121
-4338
-3699
-3332
-2442
-3132
-2571
-952
280
-2251
-4413
-3802
-1693
586
1896
2401
2729
3030
2964
2495
2136
2341
2691
3220
5598
5691
5581
5694
5816
5937
5999
5986
6069
6294
6336
6162
6245
6470
6404
6290
7702
12179
16352
14716
9486
7294
7119
8565
10535
9255
6646
5102
3791
3282
1989
-82
-1557
-3682
-6113
-6694
-4951
-2603
-1862
-1584
-1497
-464
-350
-1273
-1287
-888
369
124
-1208
-2073
-1937
-1041
1181
2475
3012
3262
3549
3136
2715
2385
2249
2507
5532
5714
5815
5761
5823
5937
5999
6052
6046
6168
6336
6228
6222
6344
6512
6465
6353
7508
10968
13880
14905
13873
12742
12371
12586
13536
11838
5723
4187
4237
4485
3834
959
-1355
-2115
-2122
-1309
-504
-64
-650
-544
435
315
178
236
-136
120
714
254
568
971
-175
191
2115
2817
2798
2794
2580
2354
1997
1943
2214
5339
5541
5766
5761
5823
5937
5999
6160
5986
6069
6294
6336
6162
6245
6470
6338
6313
6579
6634
7285
8735
9674
10096
9646
9618
11363
11071
7143
2011
-2151
150
-126
-1186
-641
-1080
-278
776
1024
663
-396
-213
259
-344
-425
75
308
107
513
115
209
2144
2102
67
266
1738
2285
2113
1917
1625
1444
1948
2480
5658
5624
5809
5867
5865
5937
5999
6160
6052
6046
6168
6336
6355
6328
6386
6531
6504
6562
6641
6595
6689
6743
7041
7640
8678
10737
13495
17263
12690
5383
3325
-553
2
37
-882
1118
1414
1371
1262
538
405
319
-406
-563
-356
-62
80
674
625
-516
825
3030
1844
175
249
1239
2160
2814
2846
2257
2204
2542
5693
5714
5876
5890
5991
5810
5893
6118
6160
6113
6175
6336
6397
6418
6519
6573
6594
6695
6641
6703
6991
6796
6641
6841
7150
7897
9629
14274
16265
16091
10120
3106
2690
307
176
1862
1839
1554
1561
1556
1297
977
736
375
-88
-88
-66
253
1034
576
294
1813
3348
2589
1211
1272
2169
3221
3914
3619
2817
2532
5458
5541
5592
5590
5836
5834
5870
5992
6160
5986
6069
6294
6289
6351
6512
6338
6421
6646
6641
6703
6925
7012
6916
6819
7040
7266
7627
8490
10346
13996
12576
7793
2284
-673
814
1510
1662
1529
1629
1821
1660
1648
1709
1387
368
-103
75
86
610
1706
1177
971
2545
3559
3005
2062
2101
2761
3658
3669
2928
2663
5524
5518
5532
5633
5560
5710
5768
5893
6118
6052
6046
6168
6289
6351
6512
6404
6398
6520
6641
6703
6817
7114
7340
7209
7179
7399
7326
7241
7361
9057
14352
13216
3657
-656
713
885
1175
1343
1578
1798
1611
1420
1829
1849
787
242
511
-28
-119
1575
1983
1541
1899
2867
3517
3208
2449
2485
3178
3657
3430
2924
5632
5458
5541
5766
5700
5694
5708
5870
5992
6160
6113
6175
6162
6245
6470
6512
6465
6527
6641
6703
6817
6940
7230
7243
7238
7392
7284
7344
7269
7478
12906
18080
12430
3864
1659
698
986
1422
1504
1616
1445
1017
1468
1937
1356
607
866
380
-239
620
1941
2203
1946
2268
3297
3449
3032
2859
3056
3384
3631
3372
5590
5524
5518
5640
5808
5761
5823
5937
5999
6160
6113
6175
6228
6222
6344
6512
6465
6527
6641
6703
6817
6705
6949
7127
7231
7392
7519
7559
7643
7526
8807
14335
17374
15961
10300
3867
1073
898
1172
1426
1465
933
1175
1897
1842
1506
1394
1220
601
521
1761
2291
2003
2090
2599
2897
2911
2920
3175
3168
3323
3314
5464
5632
5585
5647
5808
5761
5823
5937
5999
6160
6113
6175
6336
6289
6351
6512
6465
6527
6641
6703
6817
6898
7032
7043
7231
7519
7559
7516
7636
7777
7810
9031
11484
14711
17916
15463
7199
1814
434
815
1114
782
956
1464
1692
1756
1881
1820
1439
1029
1464
2247
2461
2169
2264
2655
2595
2740
3126
3168
3215
3247
5471
5632
5585
5647
5808
5761
5823
5937
5999
6160
6113
6175
6336
6289
6351
6639
6571
6569
6641
6830
6923
6982
7122
7176
7231
7453
7474
7702
7627
7686
7826
7946
7696
8329
11672
16163
16980
10058
2699
543
672
824
632
890
1142
1427
1693
1656
1731
1624
1372
1857
2663
2468
2313
2655
2534
2484
2725
2893
3067
3205
5365
5590
5585
5647
5808
5761
5823
5937
5999
6160
6113
6175
6463
6395
6393
6573
6594
6695
6641
6637
6840
6958
7055
7169
7358
7451
7449
7629
7650
7704
7759
7981
8002
8056
8238
10228
14770
18147
13005
4423
1042
598
497
491
566
1031
1318
1382
1558
1734
1520
1626
2129
2209
2037
2147
2285
2150
2141
2133
2135
2254
5342
5464
5458
5541
5766
5761
5823
5937
5999
6160
6113
6175
6397
6418
6519
6465
6527
6688
6641
6595
6750
6825
7182
7275
7334
7474
7702
7627
7625
7697
7759
7873
7935
8049
8172
8180
9660
13989
18175
16450
8018
2270
732
348
257
499
869
1158
1376
1552
1620
1602
1839
1890
1780
1832
1759
1674
1733
1665
1409
1102
5409
5471
5651
5624
5809
5867
5865
5937
5999
6160
6113
6175
6289
6478
6745
6613
6569
6688
6641
6703
6944
6938
7158
7298
7352
7407
7629
7650
7751
7697
7759
7873
7935
8049
8191
8412
8609
9097
12557
17339
19129
13206
5450
1861
629
299
452
884
1334
1552
1728
1843
1871
1779
1711
1598
1448
1381
1374
1421
1171
935
5409
5471
5566
5608
5834
5890
5991
5937
5999
6287
6219
6217
6289
6412
6702
6762
6822
6921
6789
6872
6984
7003
7176
7231
7345
7407
7521
7583
7744
7697
7759
7873
7935
8049
8125
8477
8759
8713
8976
10827
15146
19366
17615
9825
4183
1494
484
382
700
1002
1178
1401
1454
1260
1213
1275
1255
1297
1170
1111
1120
1076
5367
5471
5651
5624
5635
5823
6111
6043
6041
6221
6242
6343
6289
6304
6654
6921
6897
7047
7044
6974
6899
7062
7169
7231
7345
7407
7521
7583
7744
7697
7886
7979
7977
8049
8017
8302
8577
8639
8753
8707
9402
12728
17389
19743
16156
9357
4382
1535
708
603
610
727
846
912
997
999
1135
1303
1369
1266
1127
1023
5241
5471
5693
5714
5768
5823
5918
5960
6125
6113
6175
6336
6289
6304
6461
6772
6896
6932
7120
7091
6874
7055
7169
7231
7345
7407
7394
7477
7702
7697
7820
8002
8230
8155
8059
8302
8577
8639
8753
8815
8929
8817
10723
14744
18403
19485
14711
7689
3387
1389
808
776
896
983
986
904
1093
1360
1256
1097
876
579
5163
5365
5543
5647
5634
5717
5834
5870
5992
5986
6069
6294
6289
6304
6419
6574
6696
6690
6881
7192
7106
7097
7169
7231
7345
7407
7587
7560
7745
7803
7754
7935
8157
8178
8185
8302
8577
8639
8753
8815
8929
9010
9036
9412
11133
14922
19143
19043
13740
8477
4626
2718
1999
1686
1408
918
893
1014
1081
854
377
45
5249
5300
5417
5647
5827
5800
5985
6043
6041
6052
6046
6168
6162
6198
6358
6535
6661
6883
6856
6848
7016
7181
7169
7231
7345
7407
7629
7650
7812
7826
7880
8062
8282
8386
8326
8471
8683
8681
8753
8815
8929
9052
9234
9161
9148
9927
12793
16627
19552
19022
15570
11409
6975
4735
3592
2561
1580
1003
831
680
257
-392
5285
5241
5424
5647
5742
5784
6010
6066
6167
6160
5986
6069
6313
6154
6361
6576
6577
6798
6840
6897
6926
7048
7169
7231
7345
7407
7521
7583
7697
7759
7873
7996
8112
8236
8327
8489
8706
8934
8859
8857
8929
8944
9167
9220
9148
9312
9363
10151
12588
15490
18370
18955
17831
15512
11684
8537
5602
3681
2458
1568
830
273
5226
5121
5191
5499
5658
5694
5642
5893
6118
6160
6179
6152
6271
6310
6386
6180
6456
6672
6750
6872
6866
6949
7127
7231
7345
7407
7394
7477
7655
7886
7979
7930
8003
8224
8210
8290
8639
8861
8882
8983
8929
8817
9061
9286
9173
9229
9404
9505
9324
9881
11887
14099
16602
18573
19184
18856
16753
13630
11220
9662
7807
6722
5233
5187
5234
5350
5640
5761
5715
5870
5992
6160
6094
6136
6127
6245
6362
6229
6150
6422
6775
6879
6932
6926
6874
7125
7303
7407
7587
7560
7571
7820
8002
8056
8238
8439
8349
8296
8533
8711
8815
8976
8929
8883
9038
9160
9154
9190
9477
9680
9572
9331
9341
9650
10506
11973
13896
16177
18704
19813
19673
19557
18409
16826
5233
5295
5282
5318
5605
5761
5823
5937
5999
6160
6052
6046
6060
6222
6344
6512
6357
6413
6649
6879
7040
6993
6947
7102
7177
7407
7629
7650
7704
7712
7935
8049
8172
8354
8408
8355
8510
8458
8709
8934
8802
8885
8936
9061
9178
9040
9245
9638
9807
9805
9606
9508
9750
9866
10117
10558
11875
13378
14883
16647
18173
18798
5106
5189
5306
5168
5373
5719
5823
5810
5893
6118
6160
6113
6175
6289
6351
6512
6465
6480
6656
6879
7040
6993
7055
7169
7184
7407
7521
7583
7697
7712
8062
8155
8106
8287
8274
8357
8408
8425
8517
8702
8826
8862
8876
9038
9160
9046
8996
9364
9699
9870
10057
9922
9866
9939
10094
10216
10337
10291
10573
11059
12141
13056
5172
5166
5288
5301
5357
5466
5717
5834
5870
5992
6160
6113
6175
6289
6351
6512
6338
6374
6614
6879
7040
6993
7055
7169
7184
7407
7521
7583
7697
7585
7890
8136
8105
8181
8298
8334
8348
8510
8524
8686
8808
8929
8991
9105
9167
9220
9106
9095
9359
9653
9917
9938
9992
10047
10161
10223
10337
10399
10574
10657
11046
11037
16829
17067
17282
17500
17815
18022
18199
18482
18678
18788
18935
19072
19375
19609
19637
19721
19826
19917
20232
20400
20461
20074
13748
2222
-4872
-9953
-11071
-11552
-11800
-11889
-11884
-11903
-12215
-12296
-12778
-14109
-15744
-17124
-17512
-17624
-17880
-18532
-17209
-15446
-14878
-13982
-14564
-14293
-15728
-13356
-9382
-2197
4986
10591
20130
28353
29541
29864
30259
30693
31093
31524
16829
17133
17350
17582
17883
18038
18238
18478
18777
18905
18783
19122
19482
19637
19721
19721
19771
19959
20277
20316
20218
15444
4560
-2920
-8505
-11317
-12293
-12444
-12439
-12584
-12555
-12579
-12604
-12534
-12723
-13076
-13715
-14814
-15269
-15334
-15039
-14653
-13111
-12845
-11616
-11790
-12631
-12764
-13828
-14446
-13577
-11081
-7796
5
8545
18782
28339
29880
30193
30614
30967
31436
16956
17172
17362
17705
17895
18133
18348
18632
18844
18919
19008
19204
19494
19721
19721
19721
19798
20015
20170
20298
18188
8923
-1031
-6939
-10324
-11490
-12003
-12028
-12179
-12173
-12023
-11763
-11568
-11563
-11673
-11866
-11840
-11876
-11563
-11080
-10621
-9991
-9584
-9197
-8719
-8548
-8965
-10030
-12851
-14881
-14247
-13410
-12229
-10612
-4344
8152
20385
29456
30154
30536
30804
31310
16972
17172
17362
17705
17895
18199
18416
18687
18922
19137
19092
19220
19494
19721
19721
19721
19837
20027
20265
20062
14042
4057
-3630
-7203
-8465
-8877
-9101
-9405
-9324
-9235
-8916
-8682
-8665
-8768
-9062
-9145
-9167
-9252
-8705
-8021
-7402
-7155
-6920
-6863
-6697
-6772
-6991
-8313
-11103
-14124
-15524
-15537
-15473
-15137
-11884
-4385
10255
22828
29674
30480
30864
31268
17067
17282
17500
17815
18033
18348
18566
18881
19088
19199
19309
19541
19621
19721
19721
19732
19947
20154
20331
18726
10293
1870
-3598
-5034
-5278
-5230
-5360
-5652
-5675
-5492
-5048
-4904
-4996
-5285
-5205
-5176
-5267
-5140
-4889
-4540
-4640
-4725
-4740
-4757
-4657
-4713
-4976
-6682
-9887
-13677
-16352
-17441
-17252
-17418
-16558
-11542
-2880
9045
19513
29036
30890
31451
17133
17350
17582
17883
18115
18416
18648
18949
19104
19265
19443
19625
19637
19721
19721
19798
20015
20181
20359
15936
7331
466
-1878
-2125
-2010
-1903
-2070
-2464
-2392
-2069
-1779
-1607
-1615
-1599
-1693
-1568
-1231
-1100
-942
-1283
-1935
-2414
-2427
-2485
-2624
-2526
-2963
-4597
-7807
-12021
-15618
-17780
-18675
-18400
-18373
-16901
-13191
-3892
6857
17408
28790
31589
17172
17362
17705
17895
18238
18428
18771
18961
19188
19304
19494
19721
19732
19831
19859
19947
20154
20320
19316
11357
3851
211
194
174
282
168
-181
-521
-520
-139
262
516
517
541
906
1264
1494
1948
2026
1334
367
-373
-787
-1164
-1135
-836
-871
-2145
-5387
-9588
-13439
-16111
-17691
-18487
-18592
-18845
-18388
-15537
-8097
4649
17685
29963
17172
17362
17705
17895
18238
18428
18771
18961
19199
19414
19621
19721
19798
19899
19941
20026
20280
20123
14112
5006
1579
166
913
1101
799
462
24
-167
-11
400
628
1125
1528
1872
2082
2557
3460
4087
4049
3192
2066
957
267
-182
-117
345
506
-473
-3166
-6905
-10500
-13442
-15518
-16726
-17665
-18639
-19341
-19759
-17118
-9487
5525
20108
17172
17362
17705
17895
18238
18439
18881
19088
19265
19482
19637
19721
19826
19812
20047
20154
19222
12787
3217
1032
-508
64
794
870
307
-715
-1442
-1438
-1282
-795
-20
905
1529
2037
2603
3500
4612
5313
5290
4463
3019
1959
1137
544
534
1094
1479
884
-907
-3911
-7433
-10710
-13089
-14499
-15649
-17027
-18819
-20159
-20740
-17136
-9259
7456
17172
17362
17705
17895
18238
18494
18839
18977
19293
19384
19594
19721
19760
19821
20011
17399
8739
411
-893
-1372
-1427
-406
-65
-256
-1498
-2884
-3635
-3163
-2399
-1834
-1040
46
945
1620
2394
3846
5520
6407
6397
5385
3832
2353
1364
867
1002
1322
1818
1907
585
-1995
-4969
-8031
-10534
-12264
-13564
-15141
-17048
-18957
-20367
-20815
-16478
-6881
17161
17252
17578
17895
18238
18467
18783
19045
19227
19316
19578
19721
19732
19771
16020
6107
-2145
-3737
-4985
-3468
-1563
-1118
-1145
-1986
-3499
-5074
-6350
-6218
-4735
-3188
-2279
-1350
-516
442
1798
3866
5962
7075
6982
5915
4429
2797
1676
1155
966
1751
2785
2274
812
-1045
-3175
-5636
-8024
-10016
-12013
-13826
-15622
-17446
-19094
-20531
-20536
-15153
17095
17184
17562
17895
18238
18428
18760
18851
19061
19293
19384
19594
19732
17414
7795
-2063
-5689
-8285
-6596
-3635
-1913
-1634
-2346
-3438
-5119
-7133
-8867
-9514
-8888
-6353
-4256
-3571
-2571
-1539
117
2721
5200
6223
6352
6119
4778
2860
1599
800
801
2019
2077
903
355
-339
-1419
-3456
-5960
-8258
-10483
-12416
-14320
-16015
-17698
-19269
-20850
-20175
17056
17172
17478
17895
18238
18428
18694
18783
19045
19227
19316
19578
19254
13195
3004
-4986
-8902
-8671
-6475
-3314
-1682
-1920
-2906
-4216
-6228
-8720
-11094
-13018
-14141
-15478
-14068
-10103
-7218
-5172
-2832
19
2199
3128
5199
6222
4683
3189
1188
508
1561
1411
889
1673
1955
1064
-993
-3184
-4517
-6254
-8773
-11177
-13161
-14777
-16260
-18035
-19724
-21011
17067
17282
17605
17895
18238
18428
18655
18771
18961
19188
19304
19505
18371
11180
1923
-6503
-7909
-7533
-5262
-2305
-1451
-2016
-3345
-5246
-7659
-10173
-12800
-16266
-20631
-22376
-18563
-14870
-12483
-11239
-10003
-7887
-4991
-613
4176
5963
5309
3762
2920
3543
2533
2004
2157
1131
53
-714
-574
-650
-2202
-4411
-6915
-9132
-11153
-12954
-14614
-16430
-18134
-19523
17122
17240
17483
17785
18100
18318
18528
18771
18961
19188
19304
19560
17790
11756
2433
-5606
-6866
-6087
-4064
-2269
-2363
-3425
-5167
-7312
-9767
-12408
-15117
-19298
-22698
-22974
-20039
-16092
-13903
-13224
-12623
-12779
-12840
-9066
-1355
2966
3983
5492
5759
3421
1372
108
321
2009
3172
2949
1987
479
-864
-2202
-4344
-6575
-8589
-10402
-12171
-14081
-16067
-17642
16968
17184
17485
17717
18018
18239
18402
18644
18961
19188
19304
19533
18277
14038
6605
-2113
-5831
-5368
-4649
-3689
-4499
-6343
-8209
-10418
-12936
-15412
-17280
-18933
-18814
-17530
-15480
-13256
-11993
-11744
-12222
-15062
-16124
-15519
-11029
-3269
1226
3654
3600
4471
5072
5422
5559
4911
4181
3402
2991
2471
1500
-70
-1795
-3845
-5798
-7892
-10047
-12345
-14376
-15956
16803
17045
17362
17705
17895
18161
18250
18617
18851
19061
19293
19384
19231
16511
12030
5682
602
-3633
-5417
-6329
-8422
-11296
-14365
-16047
-15180
-14072
-13675
-13623
-12834
-11888
-9999
-8339
-7526
-7510
-8724
-13381
-19385
-23350
-15543
-2727
3252
6942
8572
8683
7546
6504
6120
6295
6199
5555
4491
3520
2370
1342
6
-1707
-3711
-5896
-8327
-10603
-12961
-14873
16651
17029
17362
17705
17895
18133
18348
18594
18783
19045
19227
19316
19617
19007
17234
12700
8033
3218
-4252
-9426
-13329
-17326
-19946
-20520
-19775
-16530
-12081
-9476
-8498
-7375
-6107
-5199
-4477
-4159
-6505
-12453
-20748
-23197
-17092
-3400
3877
7178
7878
8279
8664
9072
8592
7989
7017
5960
5050
3858
2854
1921
1068
-378
-2334
-4556
-6948
-9376
-11611
-13506
16501
16824
17114
17468
17768
18199
18416
18571
18771
18961
19188
19304
19494
19799
19432
18731
13935
2623
-7110
-11436
-14996
-18416
-21079
-22372
-20750
-18125
-15774
-12646
-8712
-6205
-4556
-3213
-2366
-2661
-6228
-12925
-21582
-23080
-16520
-1714
5578
8047
8951
9172
9202
8846
8650
7886
6916
5942
5013
3656
2582
2160
1433
-67
-1668
-3362
-5396
-7491
-9747
-11821
16419
16690
16964
17373
17642
18100
18318
18528
18771
18961
19188
19293
19384
19594
19837
19236
12321
2377
-5862
-11061
-14207
-16795
-18928
-20142
-20676
-20054
-17352
-15205
-14973
-13317
-8980
-4942
-2754
-3130
-6828
-13819
-22179
-23686
-17544
-3043
4853
7120
7674
8159
8440
8584
8388
7595
6800
5827
4971
3723
3089
2503
1735
596
-604
-1754
-3643
-5869
-8079
-9962
16296
16639
16829
17211
17490
18018
18250
18512
18760
18851
19061
19227
19316
19578
19848
17839
10289
984
-6674
-9639
-11888
-13639
-15173
-16173
-16938
-17628
-18103
-18210
-16726
-14625
-13519
-12591
-10176
-9107
-10922
-16978
-24950
-27005
-21306
-6087
4346
6316
7089
7983
8591
8651
7920
7027
6055
5362
4946
4347
3778
3078
1975
1130
564
-442
-2049
-4021
-6114
-8016
16296
16639
16829
17172
17478
17895
18238
18428
18705
18893
19172
19188
19304
19494
19914
17151
10142
278
-5408
-8090
-10111
-11483
-12683
-13006
-13242
-13497
-14068
-14815
-15818
-16629
-15974
-14189
-13710
-15314
-18718
-24478
-31676
-35093
-30255
-12043
3653
5831
6538
7106
7603
7387
6770
6306
5862
5492
5456
5025
4240
2993
2257
2002
1141
412
-640
-2351
-4532
-6738
16296
16639
16840
17293
17715
18033
18348
18555
18732
18949
19104
19188
19304
19494
19942
17063
11264
1982
-3998
-6921
-8753
-9988
-10735
-10884
-10780
-10726
-10847
-11017
-11293
-11958
-12642
-14124
-15090
-16090
-18567
-23654
-31025
-35785
-31350
-16314
999
5291
5971
6403
6480
6477
6429
6409
6207
5854
5607
4888
3698
3025
2720
2020
1713
1198
148
-1353
-3501
-5229
16296
16639
16906
17427
17799
18115
18416
18571
18771
18961
19188
19188
19304
19494
19876
17688
13779
4746
-2836
-5667
-7243
-8207
-8594
-8588
-8361
-8333
-8470
-8459
-8448
-8454
-8768
-9601
-10720
-12595
-15751
-20466
-27521
-33776
-31709
-22338
-3875
4553
5572
5637
5652
5913
6218
6423
6586
6150
5569
4738
4045
3453
2487
2033
1628
955
-155
-1380
-2108
-3240
16296
16639
16945
17478
17895
18238
18428
18655
18771
18961
19188
19188
19304
19494
19826
18923
15703
8908
759
-4110
-5499
-6084
-6164
-6047
-5732
-5902
-6345
-6548
-6514
-6313
-6488
-6882
-7256
-8220
-10244
-14569
-20752
-27186
-28574
-25109
-9253
3006
5204
5332
5171
5587
6074
6663
6801
6318
5739
4873
3765
2375
1914
1955
1772
1331
1016
1009
-88
-2091
16307
16749
17072
17478
17895
18238
18428
18655
18771
18961
19199
19298
19431
19494
19760
19770
17803
14075
6023
-925
-4141
-4585
-4322
-3680
-3170
-3152
-3451
-3812
-4118
-4620
-5103
-5477
-5826
-6610
-8561
-12133
-17156
-22657
-26548
-24206
-15444
-2260
4255
4821
5048
5431
6142
6702
6824
6589
6072
4848
3455
2934
3037
3167
3049
2951
2652
1105
-562
-1751
16373
16817
17088
17478
17895
18238
18428
18655
18771
18961
19265
19377
19557
19621
19732
20063
19874
17451
12023
3496
-5003
-8530
-6983
-5381
-3867
-2777
-2639
-2785
-3064
-3191
-3372
-4112
-4899
-6077
-8356
-11883
-16057
-19861
-23791
-23939
-21085
-9148
781
4247
4786
5335
6058
6702
6890
6729
5750
4250
3644
3909
4310
4381
3411
2047
1408
1517
1381
476
16539
16829
17161
17368
17768
18238
18428
18666
18881
19088
19304
19455
19709
19637
19787
20010
20080
16366
6337
-5652
-11288
-12807
-13427
-13273
-12424
-11273
-10294
-8629
-6472
-4810
-3866
-4153
-4753
-6107
-8686
-12152
-15683
-18337
-21277
-23773
-21762
-15533
-5304
1971
4279
5208
6058
6702
6929
6604
5735
5047
5017
5157
4238
2224
1274
1737
2309
2176
1434
427
16544
16719
16968
17300
17752
18238
18428
18732
18949
19104
19293
19384
19594
19721
19771
19712
15345
5084
-3171
-6733
-10760
-14106
-14224
-14097
-14076
-14096
-14062
-14172
-14472
-13495
-10043
-6948
-6221
-7019
-9454
-12754
-15467
-17481
-19773
-22415
-22389
-19499
-10592
-1779
3577
4944
5799
6333
6444
6244
5773
5136
4649
3357
1705
1887
2350
1989
1716
1779
1405
752
16562
16651
16924
17398
17795
18238
18428
18771
18961
19188
19227
19316
19578
19721
19765
17452
7741
-2528
-6711
-10076
-10899
-11621
-12663
-13596
-14511
-14818
-15599
-17131
-17844
-17703
-17045
-15537
-12741
-11031
-11906
-13900
-15678
-17301
-19196
-21296
-22197
-19407
-15001
-6900
233
4335
5346
5933
6320
6261
5539
4433
3324
2910
2761
2297
1708
1775
1807
1430
1121
769
16644
16887
17143
17593
17811
18238
18428
18771
18961
19188
19188
19304
19494
19721
19507
13859
3690
-5088
-8381
-8769
-8690
-8614
-8792
-9252
-9642
-10315
-12291
-15497
-18815
-21559
-22225
-20924
-20626
-20889
-20046
-19016
-18565
-18923
-20098
-21223
-21664
-20908
-17702
-12522
-5336
1020
4834
5797
6135
5717
4893
4180
3828
3763
2898
2522
2305
2093
1998
2022
1762
1425
16778
17037
17266
17621
17895
18238
18428
18771
18961
19188
19188
19304
19494
19721
18741
11776
2560
-6366
-7442
-7730
-7652
-7566
-7657
-7608
-7448
-7767
-9303
-12065
-15830
-19685
-23050
-25357
-25865
-25332
-25615
-26198
-26260
-26442
-26444
-25824
-24194
-22015
-20643
-19208
-14410
-5098
2604
5134
5910
5906
5575
5163
4744
4236
3889
3277
2695
2384
2219
2069
1956
1909
16829
17172
17373
17815
18022
18238
18428
18771
18961
19188
19188
19304
19494
19721
18104
11762
2716
-5536
-6502
-6819
-6543
-6454
-6481
-6444
-5901
-6241
-7940
-10854
-14481
-18116
-21391
-23991
-26210
-28396
-29578
-29018
-28275
-28346
-29565
-29596
-26971
-24986
-24371
-23038
-18347
-10210
-2170
3628
5595
6249
6284
6062
5397
4652
3953
3331
2652
2255
2199
2228
2255
2094
16956
17172
17439
17883
18038
18238
18428
18771
18961
19188
19188
19304
19494
19721
18294
13459
4924
-4076
-5698
-5830
-5371
-5173
-4927
-4379
-4031
-4643
-6511
-9717
-13751
-17593
-20456
-22609
-24364
-26001
-26597
-26416
-26674
-28197
-30410
-30354
-27887
-24397
-23306
-22879
-19651
-14082
-6439
-1069
3552
5907
6540
6496
5855
4890
4104
3328
2710
2107
1979
2016
2231
2072
16845
17172
17478
17895
18122
18238
18428
18771
18961
19188
19188
19304
19494
19721
19187
15263
9552
1039
-3978
-4797
-4194
-3497
-3072
-2585
-2655
-3642
-6082
-9788
-14268
-17799
-20180
-21883
-23212
-23561
-22597
-21412
-21434
-23731
-27088
-29143
-26360
-22915
-21695
-19941
-17405
-13013
-9509
-4410
165
4212
5904
6283
5808
4917
4233
3430
2647
1998
2059
2303
2382
2223
16913
17172
17478
17895
18122
18238
18428
18771
18961
19188
19188
19304
19494
19721
19693
17870
14623
7266
1120
-3050
-3092
-2400
-1878
-1603
-2423
-4112
-6982
-10690
-14446
-17560
-19676
-21408
-22325
-22339
-20990
-18496
-17882
-20287
-23860
-25129
-22805
-20159
-18422
-16568
-13972
-10656
-8715
-6411
-2511
1695
4367
5676
5824
5269
4588
3784
3169
2715
2719
2976
3142
3560
16829
17172
17467
17785
17995
18238
18428
18771
18961
19188
19188
19304
19494
19721
19787
19620
17767
14018
7852
2714
-918
-980
-408
-615
-1857
-4305
-7720
-10934
-14142
-16879
-18676
-20399
-21208
-20841
-19886
-18262
-17872
-19757
-21061
-21169
-18827
-15958
-14883
-13057
-10489
-7777
-6833
-5554
-4179
-509
2297
3940
5212
5323
5248
4900
4636
4118
3972
3961
4487
5190
16840
17282
17528
17717
17979
18238
18428
18760
18851
19061
19188
19293
19384
19594
19760
19888
19771
18374
14590
10005
8267
6939
5943
5560
5174
4267
693
-4134
-7277
-9934
-11621
-13597
-15734
-17326
-18130
-17665
-17019
-17111
-16807
-16226
-13177
-11846
-10932
-9323
-7123
-5260
-4386
-3779
-3287
-1274
1408
2942
4351
5745
6211
6177
5941
5585
5209
5205
5684
6313
16906
17350
17505
17705
17895
18238
18428
18694
18783
19045
19188
19227
19316
19578
19721
19837
20132
20022
19048
17535
14758
13738
13672
13886
13575
10978
5961
1043
-4657
-7504
-7201
-9653
-11676
-14325
-16584
-15771
-13782
-12935
-12182
-10499
-8927
-7986
-7228
-5854
-4125
-3229
-2714
-2489
-1695
-822
1688
2995
4077
5644
6995
7103
6836
6294
5715
5511
5978
6745
17061
17252
17462
17705
17895
18238
18428
18655
18760
18851
19061
19188
19293
19384
19594
19826
19956
20139
20454
20392
20303
19691
19062
19315
19018
17669
15018
8183
1555
-2006
-3411
-5769
-8542
-12748
-13194
-10369
-9159
-8451
-7330
-6368
-5783
-5141
-4354
-3315
-2479
-2194
-1431
-1147
-362
488
2497
3870
4257
5279
6315
6776
6831
6194
5671
5421
6037
7126
17022
17294
17584
17815
18022
18238
18428
18655
18694
18783
19045
19188
19238
19426
19705
19771
19959
20238
20370
20599
20838
20999
21215
21496
21446
20714
18399
13254
9665
4388
1217
-2916
-7593
-10248
-8552
-5956
-4621
-4067
-3444
-3196
-3322
-3017
-2472
-2086
-1663
-1201
-566
-448
387
1628
3000
4566
5095
5119
5558
6024
6173
6141
6234
6338
6808
7731
17133
17350
17582
17883
18038
18227
18318
18528
18655
18771
18961
19188
19265
19482
19637
19798
20015
20170
20370
20560
20798
21002
21215
21455
21910
21980
21597
19344
17102
12051
9122
1345
-6370
-6830
-4308
-1883
-1160
-963
-776
-997
-1309
-1135
-800
-814
-916
-758
-97
175
831
2394
3512
5052
5742
5568
5504
5584
6186
6836
7352
7459
7669
8137
17161
17252
17567
17774
17885
18034
18250
18512
18655
18760
18851
19061
19304
19494
19721
19826
19917
20127
20370
20560
20864
21015
21207
21482
21948
22370
22358
22249
21858
19736
15177
4629
-3408
-3948
-1257
339
799
977
968
817
631
637
949
561
-209
-219
17
401
1393
3182
4281
5193
6126
6386
6145
5973
6338
7442
8429
8736
8495
8173
17095
17184
17485
17640
17790
17869
18100
18318
18528
18694
18783
19045
19304
19494
19721
19760
19849
20111
20370
20560
20903
21065
21429
21666
22047
22302
22452
22559
22664
22387
18672
11441
3277
-1056
986
1562
1967
2110
2082
2064
2022
2068
2161
1662
637
196
333
903
1711
3432
4979
5498
6369
7045
7213
6802
7232
8292
9093
9276
8968
8598
17056
17161
17252
17462
17628
17717
18018
18250
18512
18655
18771
18961
19293
19384
19594
19721
19837
20027
20370
20560
20903
21170
21575
21873
22075
22386
22425
22448
22747
23019
21078
16934
10565
5815
3863
2157
2187
2662
2965
3044
2898
2805
2766
2450
1364
988
825
1182
1940
3647
5230
5920
6620
7280
7561
7799
8048
8696
9410
9516
9310
8796
16929
17095
17184
17446
17589
17705
17895
18238
18428
18655
18771
18961
19227
19316
19578
19721
19837
20027
20370
20560
20903
21198
21516
21842
22159
22386
22397
22573
22818
23100
23012
21162
18449
13965
12341
8384
4139
2876
3120
3269
3224
3139
3034
2802
2247
1908
1896
1982
2634
3870
5365
6454
7004
7169
7763
8238
8541
9044
9510
9594
9439
9044
16913
17056
17172
17362
17589
17705
17895
18238
18428
18655
18771
18961
19188
19304
19494
19721
19837
20027
20370
20560
20903
21143
21558
21953
22159
22397
22573
22807
22912
23224
23594
23483
23104
21298
18060
14373
10955
6442
3322
2998
3121
3104
2850
2960
2904
2782
2785
2757
3484
4259
5469
6525
7137
7300
7741
8301
8749
9030
9467
9594
9478
9056
16829
17056
17172
17362
17589
17705
17895
18238
18428
18655
18771
18961
19188
19304
19494
19732
19947
20154
20370
20571
21013
21297
21614
21885
22159
22463
22680
22846
23145
23429
23746
23951
24301
24447
23762
21599
16837
12421
7338
3387
2825
2816
2866
2906
3136
3264
3488
3682
4170
4793
5721
6616
7218
7414
7784
8301
8672
8841
9203
9346
9241
8929
16719
16929
17172
17362
17589
17705
17895
18238
18428
18655
18771
18961
19199
19414
19621
19798
20015
20170
20370
20626
20971
21225
21626
21969
22170
22612
22819
22996
23213
23484
23758
24062
24279
24550
24835
24691
23183
18924
13833
9241
4318
2501
2456
2545
2923
3228
3669
4018
4551
5084
5800
6398
7032
7318
7541
7932
8082
8309
8600
8689
8540
8169
16651
16913
17161
17252
17462
17705
17895
18238
18428
18655
18771
18961
19265
19482
19637
19837
20027
20254
20370
20599
20915
21293
21637
22079
22363
22680
22846
23145
23352
23568
23758
24101
24291
24634
24901
25450
25228
24072
20744
15462
11383
6500
2902
2372
2568
2935
3467
4026
4686
5219
5791
6325
6727
7042
7288
7400
7550
7657
7685
7692
7503
7007
16639
16829
17106
17294
17584
17815
18022
18238
18428
18655
18771
18961
19304
19505
19842
20074
20154
20254
20370
20560
20914
21319
21830
22147
22418
22692
22996
23213
23368
23568
23758
24101
24291
24634
24951
25517
25960
26132
25226
23006
18136
13949
9587
4781
2906
2695
3051
3773
4559
5219
5752
6208
6513
6704
6721
6695
6607
6619
6703
6587
6309
5496
16639
16829
17122
17240
17455
17883
18038
18238
18428
18666
18881
19088
19304
19571
19976
20158
20181
20375
20607
20698
21090
21514
21885
22159
22502
22692
23035
23225
23452
23568
23758
24101
24291
24634
25017
25612
26098
26327
26604
26296
24976
21230
16509
12716
7748
4152
3302
3473
4174
4723
5256
5673
5939
5940
5848
5664
5758
5885
5874
5648
5149
4393
16512
16829
17106
17294
17689
17895
18133
18348
18555
18732
18949
19104
19304
19610
20038
20375
20568
20647
20801
20907
21197
21542
21969
22159
22502
22692
23035
23225
23452
23568
23769
24211
24418
24634
25056
25663
26233
26423
26766
26995
27116
26381
24418
19641
15914
12632
8449
5268
4303
4302
4697
5004
5104
5038
4931
4980
5074
5217
5151
4956
4485
3697
16496
16829
17133
17350
17621
17895
18188
18306
18444
18771
18961
19188
19304
19610
20093
20399
20564
20780
20976
21156
21336
21626
21969
22159
22502
22692
23024
23115
23325
23568
23835
24279
24445
24744
25183
25663
26233
26423
26766
26956
27299
27594
27354
26395
23727
19707
16378
11779
7193
4996
4344
4202
4297
4357
4362
4267
4468
4805
4871
4446
3624
2832
16528
16719
17045
17362
17694
17785
18034
18250
18512
18760
18851
19061
19304
19610
20066
20382
20644
20892
20944
21192
21462
21753
21969
22159
22502
22692
22969
23157
23447
23678
24001
24291
24595
24812
25199
25663
26233
26423
26766
26956
27299
27539
27993
28244
28111
26817
23477
19327
16183
12377
8821
6365
5040
4783
4373
4098
4128
4395
4285
3669
2904
1901
16368
16524
17029
17362
17639
17827
18117
18348
18555
18694
18783
19045
19293
19500
19889
20260
20433
20837
21025
21370
21504
21642
21969
22159
22502
22692
22996
23213
23445
23746
24017
24302
24755
25072
25520
25801
26343
26550
26766
26956
27299
27566
28010
28270
28534
28710
28413
26833
23192
19991
17328
14184
11272
8412
6164
5368
4990
4465
3857
2977
1964
951
16218
16496
16945
17362
17655
17773
17988
18416
18571
18655
18760
18851
19111
19531
19835
20175
20544
20853
20971
21148
21448
21710
21969
22159
22502
22692
23035
23225
23568
23758
24101
24368
24878
25101
25367
25756
26411
26577
26876
27083
27299
27605
28022
28288
28443
28823
29248
29239
28780
27346
24601
22155
19558
17564
15362
12505
9402
6650
4965
3604
2048
579
16190
16401
16824
17125
17501
17717
18084
18318
18528
18655
18705
18893
19249
19521
19715
20083
20129
20572
20915
21177
21425
21516
21842
22159
22502
22692
23024
23115
23441
23769
24211
24534
24863
25113
25489
25990
26423
26727
26944
27099
27299
27594
27912
28122
28404
28683
29211
29366
29555
29517
29278
28627
26977
25247
22844
20882
18836
16131
13145
10613
8272
6093
16106
16335
16690
17041
17446
17705
17934
18250
18512
18655
18721
18839
19082
19384
19633
19811
20050
20391
20776
21093
21359
21448
21815
22049
22375
22692
22969
23157
23552
23835
24279
24550
24835
25238
25588
25911
26313
26639
26956
27183
27299
27528
27844
28106
28354
28561
28961
29315
29354
29471
29712
30067
30243
30213
29657
28435
26243
24080
22310
21038
19194
16982
16106
16296
16628
16835
17235
17705
17895
18238
18428
18655
18694
18783
19084
19316
19578
19721
19876
20155
20760
21093
21320
21436
21665
21981
22359
22692
22996
23213
23484
23874
24291
24634
24901
25345
25616
25929
26245
26612
26846
27056
27288
27379
27694
27912
28161
28482
28835
29188
29326
29475
29719
29999
30366
30876
31110
31242
31032
30715
29779
28785
27639
26292
16095
16186
16435
16756
17109
17578
17895
18227
18318
18528
18655
18771
18961
19304
19494
19721
19837
20143
20676
21093
21320
21436
21626
21969
22275
22692
23035
23225
23568
23874
24302
24744
25067
25357
25689
25780
26095
26352
26640
26930
27095
27311
27612
27844
28106
28393
28562
28935
29265
29570
29763
29990
30397
30726
31042
31304
31563
31792
32119
32440
32508
32110
16029
16118
16380
16678
16957
17551
17785
18034
18250
18512
18655
18771
18961
19304
19494
19721
19826
20033
20549
21093
21320
21436
21626
21969
22275
22692
23035
23225
23568
23863
24258
24685
25072
25247
25496
25712
26013
26245
26546
26778
27040
27299
27489
27832
28022
28288
28416
28756
29178
29494
29925
30142
30413
30687
31030
31220
31563
31753
32173
32580
32973
33206
25
83
8
142
11
158
57
104
194
-118
-111
-32
132
269
190
111
-33
-26
-157
102
68
195
623
-3154
-3889
-2013
-1810
-1169
-1031
-988
-775
-636
-446
-307
596
2068
2416
2336
1625
1017
739
708
-881
1527
2239
-50
794
-1176
-3271
-7548
-14034
-20411
-19534
-15610
-8484
-658
77
67
-44
-123
-21
132
25
51
130
133
133
181
-55
-91
72
41
-154
-87
142
190
111
111
-14
-79
-21
-113
288
180
-3859
-5447
-2479
-1740
-1798
-1652
-1492
-1572
-1338
-1114
-752
-556
-243
1117
2932
4785
5354
5269
5314
5642
4785
5104
4802
4214
4683
2772
860
73
-888
-4186
-13119
-20836
-17512
-10129
-1071
90
-12
-232
-113
-107
152
-61
28
-58
31
89
14
116
283
311
144
7
40
111
111
111
66
145
193
108
1348
84
-3314
-699
811
865
831
975
794
601
613
571
820
856
787
692
439
533
948
2023
2990
3383
2724
2085
1681
1886
3537
5141
3753
264
-1560
-225
-939
-10220
-20424
-18304
-9045
-497
100
-98
-143
-199
175
-61
28
-58
31
57
136
27
149
322
289
30
40
111
111
111
-46
43
101
382
2977
-777
-897
1169
1895
2543
2805
2799
2655
2889
3076
3213
3147
3044
2713
2757
2837
2376
2184
2211
2112
1885
1536
1467
1359
1277
1207
2035
1962
94
-2226
-2694
-1917
-1652
-10498
-19588
-16086
-7006
-363
-44
105
-173
83
8
142
11
145
14
148
17
164
95
164
147
167
111
111
98
23
170
69
1579
2468
-642
2015
2651
3261
3884
3935
3828
3646
3769
3919
3980
3864
3746
3740
4077
4090
3900
3723
3366
2650
2149
1988
1930
1977
1753
2036
2785
2652
1660
-692
-2830
-3221
-1762
-2549
-12647
-18654
-17410
-10222
-1424
150
178
51
130
133
133
136
136
139
139
187
63
254
292
190
111
111
66
145
180
169
3307
632
87
2421
2748
2953
3280
3180
2905
2680
2670
2703
2793
2865
3082
3120
3370
3634
3638
3731
3416
2609
2214
2073
2103
2098
2269
3010
3755
3986
3155
2164
659
-1124
-1878
-1625
-4991
-14158
-22348
-19946
-12494
-2241
168
-61
28
-58
31
-55
34
-52
37
108
-49
40
111
98
180
225
23
170
82
899
1995
-2579
374
1650
1870
1791
1721
1583
1378
1373
1333
1470
1621
1864
1788
1795
2074
2131
2406
2796
2714
2092
1914
1626
1285
998
1245
2273
3649
4523
4034
3199
2476
1603
688
-747
-1397
-3197
-11746
-22274
-21658
-12947
-1567
-61
28
-58
31
-55
34
-52
37
95
20
167
111
66
302
216
132
262
480
961
-3445
-2969
186
624
733
480
240
145
-103
10
46
132
216
517
744
787
813
967
1537
2035
2047
1827
1313
910
531
340
633
1331
2672
3770
4073
4071
3234
2476
2439
1978
541
-714
-2028
-10575
-22377
-20570
-11306
-61
28
-58
31
-55
21
17
164
63
142
190
111
-33
118
-33
216
342
-1884
-5767
-5290
-1297
-725
-419
-376
-532
-1088
-1448
-1447
-1404
-1549
-1364
-715
-280
-193
-159
148
623
1112
1444
1635
1377
1178
1053
629
340
402
784
1907
3140
3955
4379
3584
2631
2375
2626
2750
1665
431
-740
-11038
-22429
-19902
-61
28
-58
31
-55
2
70
60
-36
-29
-16
111
-1
-49
369
-179
-4556
-9914
-7186
-2215
-492
-816
-803
-600
-941
-1931
-2529
-2331
-1766
-1820
-1640
-1293
-916
-674
-751
-418
297
815
1268
1475
1060
851
730
302
179
114
253
1700
2648
3291
3699
3324
2858
2316
2233
2619
2434
1749
1071
-1487
-13583
-23072
-48
-41
-185
31
-55
-78
-154
-42
-4
-151
-39
111
98
277
52
-5560
-9672
-6122
-2453
-764
-428
-748
-852
-1015
-1049
-1662
-2563
-2796
-1831
-1407
-1404
-1650
-1627
-1542
-1582
-963
92
626
1213
1423
1067
622
161
87
-305
-376
259
941
759
1692
2694
3062
3142
2572
2066
1924
2141
2135
1968
1746
-2185
-15627
-16
-163
-208
31
-55
34
-39
-32
-19
-36
-29
-16
144
947
-2234
-6776
-3372
-1989
-2230
-1132
-408
-412
-542
-796
-602
-881
-2775
-4326
-4739
-3352
-1936
-2535
-2427
-2446
-2802
-2115
-1153
-734
-282
833
1410
873
410
-160
-615
38
377
-646
-605
803
2186
2871
2935
2540
1921
1634
1585
1757
1827
1719
1382
-4639
96
-61
-129
31
-55
34
-7
-154
-42
-4
-151
-39
367
2762
-674
-1296
125
-1323
-1696
-501
138
174
88
97
152
35
-901
-3430
-6732
-8716
-9010
-6420
-4587
-4132
-4458
-3775
-3253
-3754
-1916
420
803
600
341
-747
-266
-316
-1233
-312
1153
1833
1680
1170
2018
2677
2560
2063
1672
1605
1736
1690
1288
1055
83
8
-2
31
-55
34
105
-52
37
108
-49
27
1499
4838
1805
1145
1067
-160
-172
734
751
549
496
338
52
-179
170
-47
-5349
-11344
-11208
-8113
-6453
-6315
-7719
-7648
-7458
-6419
-1627
401
984
1363
944
2195
1556
449
573
949
427
-158
186
1376
2647
2775
2759
2547
2358
2194
2253
2165
1983
1665
64
61
-93
-38
-169
-35
-22
-52
37
108
-49
8
2776
5965
3812
1569
1553
146
417
329
-238
-437
-750
-820
-1079
-1040
-929
520
612
-38
-143
-1377
-2417
-3737
-6214
-7165
-10478
-10874
-4893
-2282
-417
2026
3698
2678
624
-392
-974
-461
-83
1366
2615
2887
2630
2919
3173
3460
3241
3094
3049
2895
2574
2549
-143
-163
-163
-160
-160
-144
-114
-179
37
108
-49
-72
2476
7431
6780
3742
722
-573
-947
-1487
-1907
-2287
-2410
-1936
-2197
-2031
-1559
470
2658
4903
5255
4594
4599
4928
4071
1839
-6975
-12033
-12515
-8936
-4078
-1605
-758
-265
596
1393
2541
4144
4315
3204
2100
1657
2258
2928
3252
3424
3445
3302
3207
2709
2131
2160
-123
-188
28
-58
31
-10
-157
-189
-32
-19
-36
-29
1184
6961
9811
9293
5722
929
-1184
-2008
-2487
-3606
-4554
-4526
-2349
591
3022
4671
5237
4655
3577
3394
3623
4262
6071
7662
2704
-8683
-11123
-5216
-1784
-714
1411
4285
6475
5714
3627
1390
772
947
1329
1435
1528
1870
2453
2675
2701
2461
2255
2078
1556
1184
-166
-211
28
-58
31
89
14
49
-154
-42
-4
-151
-151
2409
7979
11861
11895
8554
2302
-1504
-2948
-4626
-6260
-5891
-4026
-488
3519
5223
4413
3279
2658
2456
2259
2312
3560
2808
2695
-4762
-3396
1566
4041
4444
3018
826
-565
-206
588
1191
1144
907
791
569
357
583
1294
1808
2060
2096
2180
2291
1848
1306
-178
-188
-155
-254
-96
57
136
184
-52
37
108
-49
40
-113
982
4980
10902
8330
1445
-2
-393
43
-633
-3282
-6566
-6923
-6038
-4117
-1319
242
713
1209
1611
2465
3274
2192
2542
-5974
-6822
-4009
-2177
-2111
-1721
-1012
-341
196
434
934
494
563
532
384
-144
284
836
880
1399
1827
2179
2620
2798
2434
-169
-278
-268
-386
-188
-169
-35
-22
-52
37
108
-36
-29
-16
-46
432
2181
-1105
283
2322
3601
4531
5152
5027
1949
-3205
-7293
-7842
-8203
-7866
-5163
-2081
-793
1379
2994
2976
2856
-5388
-7093
-4138
-1414
-1104
-620
-210
33
-130
-211
-182
-312
110
468
364
259
702
794
651
1304
2120
2599
2541
2456
2726
22
-64
25
-173
-231
-160
-157
-45
-39
-32
-19
-4
-151
-39
-59
2271
3442
1272
2060
2011
2816
3207
3756
4337
5371
5253
3086
-1168
-5944
-7952
-8296
-8612
-7451
-4236
-784
1008
868
-6943
-10682
-6328
-936
-801
-1161
-820
-214
154
160
32
-258
-68
623
974
1024
1210
1024
968
1722
2088
2378
2350
1999
2297
22
-64
25
-61
-129
31
-55
34
-20
-85
85
108
-49
40
-91
4249
4750
2726
2445
2155
2243
1988
1785
1949
2704
3178
4606
6284
5953
2775
-2828
-6240
-7609
-7511
-5789
-4362
-3851
-10458
-18227
-11334
-1324
-611
-595
-708
-424
-414
-558
-150
-256
-6
617
926
1046
536
183
816
977
1185
2151
2641
2418
2012
22
-64
12
-5
67
145
14
161
60
139
187
108
-49
40
-190
4198
4941
3923
2480
1889
1738
1755
1515
1691
1953
2023
2368
2694
3704
5709
6677
5775
2515
-105
14
445
1052
-4364
-16592
-11631
-3524
-814
-765
-1216
-1302
-1323
-896
324
481
591
567
258
60
-163
401
417
296
664
1276
1913
1748
1511
22
-64
-20
85
212
136
136
184
-52
37
108
108
-49
40
-158
3625
6471
5784
2235
1536
1566
1752
1741
1965
2036
1937
1878
1742
2023
2494
3280
4828
6646
8726
10639
11392
12093
9541
-6335
-10502
-7680
-968
-253
-598
-437
-419
-1
517
571
625
226
48
165
465
345
124
347
319
142
486
1525
2286
22
-64
-132
-129
31
-55
34
105
-52
37
108
108
-49
40
-33
2217
7122
7123
4571
1973
1973
2025
2105
2260
2426
2460
2028
1684
1412
1384
1279
1476
2048
3146
5416
7043
7841
8534
-1293
-11591
-10050
-1957
-186
-217
-300
-368
-240
80
298
487
510
859
639
-45
-493
-284
187
361
529
1679
2509
1953
9
5
-5
-129
31
-55
34
105
-52
37
95
177
78
40
-1
255
5081
8990
8017
3817
1585
1519
1566
1920
2442
2632
2542
2274
2121
1911
1402
1160
1038
1164
2468
3729
5012
6519
3345
-8476
-10050
-6447
-848
-370
-423
-536
-342
-32
183
432
729
585
-107
-288
390
1004
1375
1944
2627
2248
1124
621
-23
127
18
-129
31
-55
34
105
-52
37
63
286
170
167
98
-134
1961
7572
9622
6964
133
-3603
-2620
-1706
-363
908
1640
1755
1484
1607
1628
1677
1246
972
1350
1407
2152
3806
5114
-2835
-11427
-11085
-4004
-652
-257
-355
-263
-32
151
449
623
166
431
1351
1905
2108
1213
-20
-747
-353
744
1854
-8
25
-48
-198
-96
-55
34
92
17
164
-49
152
213
190
79
-68
97
1959
2298
-1275
-5628
-7160
-8218
-9152
-8963
-8083
-7209
-5560
-3479
-1299
103
549
740
1031
1327
770
861
2007
3428
1552
-7715
-10800
-8659
-2530
-730
-482
-263
-32
39
305
338
178
734
1111
513
-885
-2271
-1988
-642
870
1813
1842
28
-44
-143
-320
-119
-55
34
60
139
187
-36
-29
-16
111
-14
147
-578
-7427
-11544
-5930
-1209
-570
-2740
-5176
-6878
-8405
-9297
-9324
-9962
-9440
-6542
-3018
-1224
169
1200
939
925
1678
2188
3190
-648
-8182
-9539
-5685
-1279
-688
-433
-271
-340
267
801
657
659
-593
-2438
-2226
-131
883
512
-122
-701
-667
-19
-166
-67
-149
87
-55
34
-52
37
108
-4
-151
-39
111
105
1381
-1578
-5663
-1507
2173
4191
6098
7484
7519
6702
5211
2737
-1206
-6264
-9508
-10071
-9033
-6375
-2964
-1076
-277
463
1147
1178
708
820
-3010
-7429
-7496
-3891
-1032
-710
-614
-529
60
-50
-865
-1062
-1112
440
1485
1156
216
-126
-42
-6
381
149
119
176
100
110
-55
34
-52
37
108
108
-49
40
111
206
3889
646
-551
1043
869
978
1195
1723
2294
3532
5307
6592
6824
5370
268
-5735
-9200
-9930
-9293
-7267
-4529
-2365
-779
4
-221
-242
-1057
-5869
-8930
-7913
-3807
-704
-162
93
368
-97
-392
507
1637
1505
653
13
-170
99
411
855
1016
239
232
209
21
31
-55
34
-52
37
108
108
-49
40
111
895
5136
1760
880
922
795
661
736
749
783
1021
1953
2539
3061
4051
4225
2894
-1044
-5751
-8233
-8774
-8521
-7674
-6650
-5177
-3862
-3217
-2062
-3387
-9107
-12720
-8967
-2483
-772
-98
336
944
1415
1434
965
757
645
505
390
634
552
487
785
25
-61
15
11
158
-55
34
-52
37
108
108
-49
40
111
2011
5793
2891
1095
836
773
857
1007
948
786
1067
1823
2019
2434
2294
2197
2616
3471
3857
2050
-1751
-4282
-5164
-5864
-6637
-7193
-4389
-2940
-2692
-5846
-11204
-9592
-6723
-2254
-297
505
1131
1303
999
492
474
618
346
45
-179
-169
-179
35
152
-61
-17
133
181
-55
34
-52
37
108
108
-49
40
111
2300
7363
5422
2064
730
597
1052
1290
1319
1380
2067
2366
2416
2640
2005
1405
1380
1310
2253
3083
4196
6012
6528
5753
1535
-2390
-2648
-1294
1052
892
-2270
-6319
-7592
-5653
-2474
-487
78
678
580
305
83
110
-126
-225
-263
-128
94
115
48
-61
-129
31
102
-55
34
-52
37
108
108
-49
40
111
1487
7429
7656
6011
1433
592
741
1324
1610
1541
1965
1939
2301
2309
1250
862
765
648
1110
1306
2809
4467
5339
7084
5200
1894
1415
2260
2867
1354
1745
-868
-5035
-6930
-5205
-2201
-894
155
494
593
582
599
313
-78
-146
13
349
240
-54
-61
-129
31
102
-55
34
-52
37
108
108
-49
40
111
210
4656
9639
9665
5526
1321
646
822
838
789
660
85
477
710
347
954
936
878
866
-257
286
1614
3032
4568
2922
1180
1452
1532
2265
1133
2166
2480
733
-3652
-4784
-3759
-1996
-556
45
593
672
901
724
706
583
605
714
1091
25
-61
-116
-38
-25
-55
34
-52
37
108
108
-49
40
111
79
1052
5813
10025
9562
5572
1613
661
849
1028
954
410
343
1070
1229
1741
1365
1274
1070
-293
-875
-537
677
2448
2019
2475
2113
2967
2467
1201
1622
1973
2767
174
-2316
-3672
-2717
-1686
-377
365
682
1247
1590
1467
1258
994
1085
1699
12
8
43
-160
-48
-55
34
-39
-32
-19
108
-36
-29
-16
-1
-260
1049
5860
10004
9480
8084
6485
5419
5580
6848
8292
8345
6791
6364
6450
6152
5911
5072
3358
663
-911
-527
1666
2990
3406
4021
4527
2999
2306
1856
1329
1811
1691
-259
-1559
-2158
-2177
-1376
194
973
1502
1786
1641
1335
790
700
746
-20
130
178
-58
31
-55
34
-7
-154
-42
108
-4
-151
-39
111
-46
-101
1030
4525
8805
10911
10114
9673
9761
11749
13833
12317
10799
7818
6302
8874
7917
6845
5254
2229
1950
3159
4043
4292
3784
3987
3450
2493
2713
2359
1730
1206
1741
683
554
387
-422
-1197
-303
606
968
821
985
657
154
-59
-123
8
-41
-28
-58
31
-55
34
105
-39
-32
-19
108
-36
-29
-16
-33
-138
-115
-122
686
2387
3799
4621
4134
3603
4652
6124
7076
1168
381
1772
1764
3690
1631
747
4156
4612
4419
3915
2962
2464
1748
1417
1712
1285
864
472
1128
271
-26
1164
1124
-452
-951
-634
-136
-28
24
-304
-661
-495
-109
50
-94
63
11
158
-55
34
105
-7
-154
-42
108
-17
-82
88
-14
-79
91
-43
-66
-97
-221
37
579
1731
4165
6994
11402
8727
8705
4415
2829
3020
-28
2412
4299
3452
3246
3027
2413
1816
1297
1080
680
-110
237
462
692
297
-663
-74
767
613
-723
-1577
-1051
-505
71
423
260
130
314
51
130
133
133
181
-42
-35
-22
105
-52
37
108
63
142
190
66
145
193
-43
46
104
42
-37
-176
-39
638
2572
7640
10520
12917
10519
8347
3054
778
3604
3179
2701
2475
2405
2235
1727
1476
1447
1113
328
174
319
-11
216
-66
-642
-24
1209
813
-159
-683
-424
651
1666
1542
808
433
-48
-41
-172
-25
-94
-137
-157
-45
105
-39
-32
-19
-49
40
111
-33
-26
-13
-43
46
72
183
-35
-287
-217
103
225
1148
3409
7794
11252
9216
1619
1378
2539
1649
1598
1511
1474
1644
1556
1483
1940
1810
665
248
315
-570
-300
678
-18
-301
271
1213
1232
563
-137
193
1036
1151
756
182
-16
-163
-163
-115
-226
-117
-169
-35
-22
-7
-154
-42
-49
40
111
-1
-148
-36
-43
46
-40
148
278
193
213
205
94
104
-20
1362
7260
9146
4739
1714
824
369
631
781
880
1208
1181
928
1543
1600
814
184
416
-400
-597
82
347
-9
-375
427
1269
802
103
114
444
625
518
337
96
-48
-41
-28
-13
-160
-160
-157
-45
105
-52
37
-36
-29
-16
111
-46
43
-43
46
-40
4
266
147
134
126
14
-101
-255
39
5127
11055
9274
6517
2499
389
97
351
515
921
756
200
742
1134
827
531
725
-43
-854
-716
67
192
-106
104
566
802
625
287
189
278
671
676
-31
-16
-163
-51
99
-58
31
-55
34
105
-52
37
-4
-151
-39
111
-46
43
-43
46
-40
-95
-17
-161
55
126
113
150
274
8
1273
6620
9663
10749
8776
5581
1540
60
149
423
414
-67
350
713
884
950
864
622
-269
-523
-330
160
147
-278
-165
293
106
93
133
54
323
538
-54
96
-61
28
99
-58
31
-55
34
105
-52
37
108
-49
40
111
-46
43
-43
46
-40
-76
-70
-57
55
113
150
287
163
150
123
1503
4284
8631
11709
10349
7426
3179
-122
-364
-40
-48
-89
282
604
1087
1023
874
476
-16
-369
50
225
-250
-333
-23
-253
-157
-73
54
211
436
25
96
-61
28
99
-58
31
-55
34
105
-52
37
108
-49
40
98
23
170
-43
33
29
131
154
45
55
81
160
195
41
143
166
89
-279
314
3782
8786
11063
8630
4058
131
-362
-255
-310
-89
-52
387
393
483
453
130
-483
-151
161
-56
-127
-23
-208
-335
-279
-129
15
309
-44
-31
-61
28
99
-58
31
-55
34
105
-52
37
95
20
167
66
145
193
-43
14
82
-85
52
-34
42
38
185
84
163
54
64
90
169
60
57
1912
6944
10627
9424
6034
1612
-247
-280
-427
-472
-134
-49
89
92
95
-270
-339
-179
-196
-274
-262
-443
-620
-552
-595
-552
-263
-166
-54
-48
-41
-28
-58
31
-55
34
105
-52
37
63
142
190
-46
43
114
-43
-66
-142
-187
39
35
137
160
195
41
188
-25
64
-22
67
-19
25
31
1430
5727
10654
10769
7794
3747
354
-425
-562
-574
-482
-331
-201
-198
-307
-393
-394
-525
-490
-648
-759
-749
-828
-862
-1040
-932
-64
25
-29
-94
63
11
158
-55
34
105
-52
37
-49
27
167
150
170
114
-43
46
-53
-39
134
157
48
58
84
163
211
-25
64
-22
67
-19
-100
17
68
596
4207
9324
11962
10131
6709
2322
231
-435
-731
-550
-328
-198
-195
-147
-210
-279
-345
-493
-732
-834
-913
-756
-787
-772
-64
25
64
61
6
133
181
-55
34
92
17
164
-49
-5
257
295
180
170
153
160
-16
210
45
55
-31
58
-28
61
132
-25
64
-22
67
-19
-132
219
283
260
296
2270
7088
11661
11600
9216
5012
1337
-142
-659
-590
-564
-561
-401
-442
-531
-647
-909
-863
-736
-723
-635
-662
-518
-191
25
-29
-94
-81
31
89
14
161
60
139
187
-49
-117
30
170
265
374
367
278
-6
131
-34
55
-31
58
-28
61
132
-25
51
47
194
-19
-244
5
-10
79
-7
-30
454
3943
9286
12012
10718
8663
4930
1391
-193
-846
-957
-866
-922
-890
-900
-866
-596
-446
-414
-366
-278
-149
-214
25
51
130
21
31
70
67
57
-52
37
108
-49
-117
11
191
171
151
295
179
19
52
-34
55
-31
58
-15
-8
5
-25
19
169
204
50
-117
5
-10
79
-7
82
-4
-59
1779
6093
10628
12744
11134
7719
3181
690
-254
-666
-758
-564
-404
-609
-533
-393
-128
38
-260
-256
5
-44
-188
28
-45
-38
-137
-157
-45
-39
-32
-19
-49
-117
-69
-145
-33
-27
92
82
111
179
-34
55
-31
58
4
-61
96
44
34
67
93
172
-94
5
-10
79
-7
82
-4
-40
-146
213
2046
6422
10446
11173
9967
7247
4125
1926
568
552
201
-289
-441
-293
-135
-248
-511
-555
-9
-293
-211
28
-26
-91
66
14
161
-7
-154
-42
-36
-186
-71
-112
-81
-8
-73
65
85
75
-34
55
-31
58
84
163
166
166
57
54
37
253
23
119
59
206
-7
82
-4
40
190
94
-215
303
3520
8398
11820
12010
11157
8528
6120
4061
1935
1196
619
99
-189
-176
-425
-421
-225
-214
-132
28
67
64
9
136
184
105
-39
-32
-144
-226
-17
-292
23
85
82
-40
-139
-27
-34
55
-31
58
-28
61
-25
64
-22
22
140
310
-28
-17
181
216
62
209
-4
-72
88
47
-132
-23
-139
723
3151
6985
10484
11321
11419
9987
8710
7220
4823
2592
1285
1029
415
177
-146
-122
-188
-168
-140
-160
-192
-35
-22
105
-20
-85
40
30
56
-134
-140
-249
-142
-30
-24
-17
-161
55
-31
58
-15
-8
-152
51
47
37
-42
-86
-285
-104
79
105
184
232
-4
-59
19
32
-110
-168
-97
-49
-272
263
2239
5072
8718
11085
11985
11718
11012
9537
8157
7003
5870
5133
-67
-90
-278
-313
-51
-58
-81
-157
-45
105
73
70
-84
-29
-128
-215
-473
-252
-167
49
8
-139
-171
-14
-158
58
4
-61
-48
19
169
60
57
165
145
11
10
-134
82
153
-4
-27
-103
9
15
-135
-33
165
53
-193
-297
-207
569
2047
4729
7929
10991
12016
12795
13408
13474
12912
-67
22
-51
-201
-99
-58
31
-55
34
105
-7
-154
-154
-151
-39
111
-158
-216
-190
49
120
-37
-60
-136
-181
58
84
163
54
-93
67
-19
25
175
66
-36
-112
-144
13
26
9
16
-115
19
-80
-244
-125
38
152
109
-10
-226
-238
-120
37
274
1680
3801
6236
8360
10130
10970
-54
-47
-146
-310
-191
-185
31
-42
-35
-22
105
-52
37
-49
40
111
-46
-114
-111
49
120
-37
52
-34
-102
58
-28
61
-25
-93
54
50
40
73
0
7
-124
-102
-223
-66
-86
-106
-106
-103
9
-97
-224
-181
-7
311
336
159
70
-9
-85
27
20
-3
-92
393
1770
3058
-22
-169
-57
-176
-234
-195
-38
-137
-157
-45
105
-52
37
-49
40
111
-33
-183
-238
49
120
-37
52
-34
-102
58
-28
61
-25
-80
-47
45
76
4
-95
-115
-115
-112
-112
-109
3
-4
85
-1
88
47
-212
-234
-211
-30
123
202
93
103
17
106
20
109
-22
146
252
130
