31
32
32
32
33
33
34
34
34
35
36
36
36
36
36
37
37
37
38
38
39
38
39
40
28
-9
-13
-17
-19
-20
-20
-20
-21
-21
-23
-24
-28
-37
-39
-37
-36
-35
-35
-38
-31
-29
-38
-20
-25
-26
-17
21
46
53
54
54
55
55
56
57
58
59
59
59
31
32
32
32
33
33
34
34
35
36
35
36
36
36
37
37
37
37
38
38
39
39
38
39
5
-13
-18
-19
-19
-20
-20
-20
-21
-22
-23
-22
-25
-35
-41
-44
-42
-41
-42
-46
-29
-35
-38
-28
-33
-29
-26
-28
-21
18
51
55
55
55
56
57
58
59
59
60
31
32
32
33
33
34
34
34
35
35
35
35
36
37
37
37
37
37
37
38
38
38
38
6
-16
-21
-25
-25
-25
-25
-25
-24
-24
-24
-24
-24
-24
-24
-23
-25
-27
-28
-30
-26
-20
-21
-22
-21
-33
-36
-26
-25
-22
-27
-10
48
55
56
56
57
57
59
59
60
31
32
32
33
33
34
34
34
35
36
35
35
36
37
37
37
37
37
38
38
38
39
16
-10
-17
-21
-24
-25
-24
-25
-25
-25
-25
-24
-24
-24
-24
-25
-24
-23
-21
-20
-18
-17
-16
-17
-16
-15
-16
-24
-30
-24
-20
-23
-29
-19
45
56
56
57
57
58
59
60
32
32
32
33
33
34
34
35
35
36
36
36
36
37
37
37
37
37
38
38
38
36
-4
-13
-17
-19
-20
-20
-20
-21
-20
-20
-19
-19
-19
-20
-20
-20
-21
-19
-17
-15
-14
-14
-14
-14
-13
-13
-15
-23
-30
-31
-23
-24
-28
-34
-13
52
56
57
57
58
58
60
32
32
32
33
33
34
34
35
35
36
36
36
36
37
37
37
37
37
38
38
39
19
-7
-10
-12
-12
-11
-12
-12
-12
-11
-10
-10
-10
-11
-12
-11
-12
-12
-11
-10
-10
-10
-10
-10
-10
-11
-11
-14
-22
-29
-34
-37
-32
-29
-30
-34
3
53
56
58
58
59
60
32
32
33
33
34
34
35
35
36
36
36
37
37
37
37
37
37
38
38
38
39
4
-2
-5
-5
-4
-3
-4
-5
-5
-4
-3
-3
-4
-4
-3
-3
-3
-3
-2
-3
-5
-5
-6
-5
-5
-5
-5
-10
-18
-27
-32
-36
-39
-36
-33
-31
-33
-17
45
57
59
59
60
32
32
33
33
34
34
35
35
36
36
36
37
37
37
37
37
37
38
38
39
28
-2
0
0
0
1
1
0
-1
0
0
1
1
2
1
1
3
3
4
4
2
-1
-1
-1
-2
-2
-1
-1
-4
-12
-22
-29
-33
-35
-37
-39
-36
-33
-34
-29
39
59
60
60
32
32
33
33
34
34
35
35
36
36
36
37
37
37
38
37
38
38
38
38
3
-1
2
3
3
3
2
1
0
1
2
3
3
3
4
5
5
6
8
8
5
3
1
0
-1
-1
1
2
0
-7
-16
-23
-29
-31
-32
-35
-39
-39
-38
-39
-34
45
60
60
32
32
33
33
34
34
35
35
36
36
37
37
37
37
38
37
38
39
38
11
-6
-1
1
3
2
1
0
-1
-1
0
0
1
3
4
4
5
7
9
11
10
8
5
3
1
0
1
2
3
2
-4
-10
-16
-23
-27
-28
-30
-33
-38
-40
-40
-41
-24
52
60
32
32
33
33
34
34
35
36
36
36
37
37
37
37
37
38
38
32
-2
-11
-4
-2
0
1
1
-2
-6
-6
-6
-5
-4
-1
1
3
4
5
8
11
12
12
9
6
5
3
1
2
4
4
5
1
-4
-11
-18
-22
-25
-26
-29
-34
-38
-40
-42
-45
-13
59
32
32
33
33
34
34
35
35
36
36
36
37
37
37
37
39
20
-13
-15
-9
-4
-2
-2
-1
-3
-6
-11
-11
-7
-6
-6
-3
-1
1
2
4
9
13
14
14
11
6
4
2
2
2
2
5
6
2
-1
-7
-13
-17
-21
-23
-26
-30
-34
-37
-40
-42
-44
5
32
32
32
33
34
34
35
35
36
36
36
37
37
37
38
16
-16
-17
-17
-11
-4
-3
-3
-4
-7
-10
-14
-20
-16
-9
-7
-6
-5
-3
-1
2
9
13
15
14
12
9
4
3
1
2
5
7
3
0
-1
-4
-8
-12
-17
-22
-25
-28
-31
-34
-37
-40
-42
-44
32
32
32
33
34
34
35
35
35
36
36
36
37
37
32
-10
-15
-18
-19
-12
-5
-3
-4
-6
-9
-12
-17
-22
-29
-26
-11
-12
-10
-8
-7
-3
5
9
9
12
12
9
4
3
-1
1
6
1
-1
0
1
0
-5
-9
-14
-18
-23
-26
-29
-32
-35
-39
-41
-41
32
32
32
33
34
34
35
35
35
36
36
36
37
37
21
-10
-15
-17
-18
-9
-3
-2
-4
-6
-9
-14
-19
-24
-29
-47
-55
-39
-26
-19
-15
-11
-2
-3
0
13
11
8
6
-2
3
4
-1
2
7
7
3
-5
-6
-5
-10
-15
-20
-24
-26
-29
-33
-36
-39
-41
32
32
33
33
34
34
35
35
35
36
36
36
37
38
18
-8
-12
-13
-14
-4
-1
-2
-4
-8
-12
-18
-22
-27
-33
-49
-53
-43
-36
-33
-34
-35
-26
-21
-2
12
12
12
7
13
10
7
7
2
-1
-5
-1
3
2
-2
-6
-11
-14
-19
-22
-25
-29
-32
-34
-38
32
32
32
33
33
34
34
35
35
36
36
36
37
37
26
-7
-10
-12
-10
-4
-5
-7
-10
-14
-18
-24
-28
-34
-40
-43
-35
-28
-24
-23
-24
-28
-35
-54
-25
-3
-1
11
16
13
4
-4
-5
4
11
12
8
6
3
2
-1
-5
-9
-12
-16
-19
-24
-28
-30
-33
31
32
32
33
33
34
34
34
35
36
36
36
37
37
38
15
-9
-11
-12
-9
-10
-14
-19
-21
-26
-31
-34
-34
-33
-28
-22
-19
-16
-14
-13
-13
-23
-38
-57
-31
-14
-2
1
7
15
21
18
15
12
11
10
8
7
5
3
0
-4
-8
-12
-17
-22
-26
-28
-30
31
31
32
33
33
34
34
34
35
35
36
36
36
37
37
39
27
3
-9
-14
-17
-24
-33
-42
-36
-25
-18
-17
-15
-15
-14
-11
-9
-9
-9
-9
-24
-40
-60
-17
6
17
22
22
20
17
17
15
14
12
11
9
7
5
4
2
-1
-5
-10
-14
-19
-25
-28
-29
31
31
32
33
33
34
34
35
35
35
36
36
36
37
37
37
38
40
11
-15
-25
-35
-43
-48
-53
-49
-28
-13
-10
-9
-8
-7
-5
-4
-3
-12
-29
-43
-60
-19
4
15
16
16
15
16
17
17
17
13
12
9
7
4
4
3
0
-3
-8
-12
-16
-20
-25
-28
30
31
31
32
32
34
34
35
35
35
36
36
36
37
37
37
38
29
-8
-16
-23
-28
-34
-38
-41
-45
-49
-45
-28
-16
-10
-6
-3
-2
0
-12
-30
-45
-58
-20
4
11
14
16
17
17
16
16
14
12
11
9
5
4
5
2
-1
-2
-5
-8
-12
-16
-19
-24
30
31
31
32
32
33
34
34
35
35
36
36
36
36
37
37
38
13
-8
-15
-21
-23
-27
-28
-30
-31
-34
-36
-44
-50
-39
-20
-10
-6
-5
-14
-30
-46
-59
-27
5
11
12
13
15
16
16
15
13
11
11
9
7
6
6
4
1
1
-1
-5
-10
-14
-16
-20
30
31
31
32
32
33
34
34
35
35
35
36
36
36
37
37
39
11
-6
-13
-17
-20
-23
-25
-25
-25
-26
-26
-27
-30
-35
-45
-41
-32
-25
-27
-41
-56
-69
-47
3
11
11
13
15
17
16
14
12
9
10
10
9
9
6
3
4
3
1
-1
-6
-10
-13
-16
30
31
31
32
32
33
34
34
35
35
36
36
36
36
37
37
39
11
-3
-10
-14
-17
-20
-22
-21
-21
-21
-20
-21
-21
-22
-24
-28
-37
-45
-51
-63
-75
-94
-83
0
9
11
11
12
13
11
11
12
10
11
11
10
8
4
5
4
2
2
1
-2
-8
-12
-14
30
31
31
32
33
34
34
35
35
35
36
36
36
36
37
37
38
19
0
-8
-13
-15
-17
-18
-17
-17
-17
-17
-17
-16
-15
-15
-16
-19
-21
-28
-41
-54
-69
-82
-16
7
10
11
10
11
10
12
13
12
12
10
8
5
6
5
4
4
2
1
-2
-6
-8
-9
30
31
31
32
33
34
34
35
35
35
36
36
36
36
37
37
38
34
2
-6
-10
-12
-13
-13
-12
-12
-12
-13
-13
-13
-13
-13
-13
-13
-14
-17
-28
-42
-55
-69
-46
4
10
10
10
10
11
12
13
13
12
10
9
8
6
4
3
3
1
-3
-2
-1
-4
-7
30
31
31
32
33
34
34
35
35
35
36
36
36
36
37
37
37
39
22
-3
-6
-8
-8
-8
-7
-6
-8
-9
-10
-9
-9
-11
-11
-12
-12
-14
-23
-33
-44
-57
-64
-5
9
10
9
9
10
12
13
13
12
11
9
5
2
3
4
4
4
6
6
1
-4
-7
30
31
32
32
33
34
34
35
35
35
36
36
37
36
37
37
37
39
40
14
-5
-7
-7
-5
-3
-1
-1
-2
-3
-5
-6
-8
-8
-10
-12
-15
-23
-30
-38
-46
-56
-38
4
8
9
9
10
12
13
13
13
12
8
6
7
8
9
8
9
6
1
-2
-3
-4
30
31
32
32
33
34
34
35
35
35
36
36
37
37
37
37
38
39
40
37
3
-29
-24
-19
-14
-8
-5
-4
-4
-4
-3
-4
-6
-8
-11
-17
-26
-31
-35
-41
-48
-59
-18
5
8
9
10
12
13
13
13
9
6
8
10
12
10
3
-1
2
5
6
4
1
31
31
32
32
32
34
34
35
35
36
36
36
37
37
37
37
37
38
15
-18
-25
-31
-38
-43
-46
-43
-41
-36
-26
-18
-10
-8
-8
-9
-11
-17
-26
-31
-33
-38
-42
-45
-46
-8
5
8
10
12
13
13
13
11
10
12
10
3
-3
1
4
4
4
2
1
-1
31
31
31
32
32
34
34
35
35
36
36
36
36
37
37
37
38
12
-17
-19
-19
-19
-19
-20
-23
-27
-32
-37
-44
-51
-43
-24
-16
-14
-14
-20
-26
-29
-32
-37
-41
-41
-42
-29
2
7
9
11
11
11
12
10
9
8
0
1
5
5
4
4
3
1
0
0
31
31
31
32
33
34
34
35
35
36
36
36
36
37
37
37
35
-9
-15
-17
-17
-16
-16
-16
-17
-17
-17
-21
-28
-36
-48
-53
-45
-31
-25
-27
-29
-30
-32
-37
-42
-40
-35
-37
-19
5
8
10
11
12
12
8
5
5
7
6
5
4
3
3
2
3
2
1
31
32
32
33
33
34
34
35
35
36
36
36
36
37
37
37
26
-10
-13
-15
-15
-15
-14
-15
-15
-14
-13
-18
-24
-30
-38
-45
-53
-61
-59
-50
-43
-39
-38
-39
-41
-43
-41
-36
-37
-17
6
10
11
12
10
9
8
9
8
7
5
4
4
5
5
4
5
3
31
32
32
33
33
34
34
35
35
36
36
36
36
37
37
37
21
-10
-12
-13
-13
-13
-13
-13
-13
-12
-12
-16
-21
-29
-35
-41
-46
-49
-56
-64
-66
-66
-66
-61
-56
-45
-43
-45
-51
-48
-7
6
10
12
12
12
12
10
9
8
7
5
5
4
4
4
4
4
31
32
32
33
34
34
34
35
35
36
36
36
36
37
37
37
25
-7
-10
-12
-11
-10
-10
-11
-10
-7
-10
-14
-20
-28
-35
-39
-43
-45
-50
-53
-51
-52
-56
-69
-64
-54
-50
-46
-48
-39
-31
-3
8
11
13
13
13
10
8
7
6
4
4
4
4
4
4
3
32
32
32
33
34
34
34
35
35
36
36
36
36
37
37
37
36
0
-8
-11
-9
-8
-7
-6
-5
-3
-6
-10
-18
-28
-34
-40
-42
-44
-46
-41
-39
-39
-43
-55
-57
-48
-41
-40
-42
-31
-28
-23
-5
8
11
13
13
11
9
7
6
4
3
3
4
5
3
3
31
32
32
33
34
34
34
35
35
36
36
36
36
37
37
37
37
29
-1
-8
-8
-5
-4
-3
-2
-3
-7
-11
-21
-31
-34
-39
-41
-43
-43
-35
-33
-33
-37
-51
-51
-42
-37
-35
-34
-23
-20
-19
-19
0
7
11
12
10
10
8
7
4
4
4
5
5
5
5
31
32
32
33
34
34
34
35
35
36
36
36
36
37
37
37
38
39
27
0
-6
-4
-3
-2
-2
-6
-11
-16
-23
-30
-33
-38
-39
-42
-44
-36
-29
-29
-34
-47
-41
-38
-31
-31
-27
-18
-13
-11
-15
-8
1
8
11
11
10
9
8
7
6
7
7
8
10
11
31
32
32
33
33
34
34
35
35
36
36
36
36
37
37
37
37
38
39
30
5
-1
1
2
1
-2
-11
-16
-22
-27
-30
-35
-37
-37
-38
-39
-35
-34
-36
-36
-34
-25
-22
-24
-19
-14
-10
-8
-8
-10
-2
0
7
10
11
11
12
11
10
9
9
11
13
14
31
32
33
33
33
34
34
35
35
35
36
36
36
36
37
37
37
38
39
38
39
33
25
24
24
30
31
13
5
-1
-5
-7
-15
-22
-27
-32
-32
-30
-27
-26
-21
-14
-15
-15
-10
-8
-6
-5
-3
-6
1
2
2
9
13
13
14
13
13
11
11
12
13
14
31
32
33
33
33
34
34
35
35
35
36
36
36
36
37
37
37
38
38
38
39
40
40
40
39
38
31
20
8
-18
-3
-7
-11
-13
-27
-29
-20
-18
-16
-15
-12
-9
-11
-9
-4
-3
-3
-4
-1
-3
2
9
5
6
13
15
14
13
12
10
10
12
13
15
32
32
32
33
33
34
34
35
35
35
35
36
36
36
36
37
37
37
38
38
39
39
39
40
41
41
42
37
25
-5
1
-10
-9
-15
-30
-15
-10
-10
-8
-7
-7
-7
-7
-5
-3
-4
-2
-1
0
0
1
10
10
7
8
11
13
12
11
9
9
12
15
16
32
32
33
33
34
34
34
35
35
35
35
36
36
36
37
37
37
38
38
38
39
39
39
40
41
42
42
42
41
34
23
3
-1
-18
-19
-5
-3
-3
-2
-1
-2
-4
-3
-2
-3
-3
-1
0
0
3
3
6
12
12
8
8
10
11
13
14
13
14
16
16
32
32
33
33
34
34
34
34
35
35
35
36
36
36
37
37
37
38
38
38
39
39
40
39
40
41
42
42
42
43
43
32
2
-18
-4
1
2
2
2
2
1
0
1
2
0
-2
0
1
-1
4
7
6
11
13
13
10
10
12
15
17
16
16
16
15
32
32
32
33
33
33
34
34
35
35
35
35
36
36
37
37
37
37
38
38
39
39
40
40
40
42
42
42
43
43
44
42
4
-13
1
2
3
4
4
4
4
3
4
6
2
0
0
1
-1
5
9
9
10
12
14
14
11
12
16
18
18
16
15
15
32
32
32
33
33
33
33
34
34
35
35
35
36
36
37
37
37
37
38
38
39
39
40
41
41
42
42
42
42
42
43
45
33
0
4
3
4
5
5
5
6
5
5
7
4
1
1
2
1
3
9
11
11
12
15
15
14
15
17
18
18
18
16
15
32
32
32
32
33
33
33
34
34
35
35
35
36
36
36
37
37
37
38
38
39
39
40
41
41
42
42
42
42
43
43
44
45
33
19
6
3
5
6
7
7
6
5
7
5
3
3
2
3
3
8
11
12
13
14
15
16
16
18
18
18
18
17
15
31
32
32
32
33
33
33
34
34
35
35
35
36
36
36
37
37
37
38
38
39
39
40
40
41
42
42
42
43
43
44
44
45
46
48
42
17
5
5
6
7
6
6
6
6
5
6
5
5
6
8
11
14
13
13
15
16
16
18
18
18
18
17
15
31
32
32
32
33
33
33
34
34
35
35
35
36
36
36
37
37
37
38
38
39
39
40
41
41
42
42
43
43
43
44
45
45
45
46
47
47
31
8
4
5
6
5
5
6
6
7
6
7
8
9
10
14
14
13
15
16
16
17
18
18
18
17
15
31
32
32
32
33
33
33
34
34
35
35
35
36
36
36
37
37
38
38
38
39
40
40
41
41
42
42
43
43
44
44
45
45
46
46
47
47
49
37
10
4
5
5
5
5
6
7
7
8
9
10
11
13
14
14
15
16
16
16
17
17
17
17
15
31
31
32
32
33
33
33
34
34
35
35
35
36
36
37
37
37
38
38
38
39
39
40
41
41
42
43
43
43
44
44
45
45
46
46
47
48
49
49
45
19
4
4
4
4
5
6
7
8
9
10
11
12
13
13
14
14
14
15
15
15
14
14
12
31
31
32
32
32
33
33
34
34
35
35
35
36
36
37
37
37
38
38
38
39
39
40
41
42
42
43
43
44
44
44
45
45
46
46
47
48
48
49
50
49
33
9
4
4
4
5
6
8
9
10
11
12
12
13
13
13
13
13
13
13
12
11
8
31
31
32
32
33
33
34
34
34
35
35
35
36
36
37
38
38
38
38
38
39
39
41
41
42
42
43
43
44
44
44
45
45
46
46
47
49
49
50
50
51
52
47
21
8
5
4
5
7
9
10
11
12
12
12
12
11
11
11
11
11
10
8
6
31
31
32
32
32
33
34
34
34
35
35
36
36
36
37
38
38
38
39
39
39
40
41
41
42
42
43
43
44
44
44
45
45
46
46
47
49
49
50
50
51
51
52
53
37
15
8
5
6
7
8
9
10
10
10
9
9
10
10
10
9
8
7
5
30
31
32
32
33
33
34
34
35
35
35
36
36
36
37
38
39
39
39
40
39
40
41
41
42
42
43
43
44
44
44
45
46
46
46
47
49
49
50
50
51
51
52
53
54
51
38
18
10
7
7
8
8
8
8
8
8
9
9
9
9
7
6
4
30
31
32
32
33
33
34
34
34
35
35
36
36
36
37
38
38
39
39
40
40
40
41
41
42
42
43
43
43
44
44
45
46
46
47
47
49
49
50
50
51
51
52
52
53
54
56
50
28
14
9
7
7
7
8
7
7
8
9
9
7
5
4
2
31
31
31
32
33
33
33
34
34
35
35
35
36
36
37
38
38
39
39
39
40
41
41
41
42
42
43
43
44
44
45
45
46
46
47
47
49
49
50
50
51
51
52
53
53
54
54
55
57
49
33
22
12
11
10
8
7
7
8
7
6
3
2
0
31
30
31
32
33
33
34
34
35
35
35
35
36
36
36
38
37
39
39
40
40
40
41
41
42
42
43
43
44
44
45
45
46
47
48
48
49
50
50
50
51
51
52
53
53
53
55
55
56
56
57
52
40
31
18
14
13
10
8
6
4
2
0
-3
30
30
31
32
33
33
33
34
35
35
35
35
35
36
37
37
38
39
39
39
40
40
41
41
42
42
43
43
44
44
45
45
46
47
47
47
49
50
50
51
51
51
52
53
53
53
54
55
55
55
56
57
57
57
53
45
34
23
14
12
7
3
1
-2
30
30
31
31
32
33
33
34
34
35
35
35
36
36
37
37
37
37
39
39
40
40
40
41
42
42
43
43
43
44
45
46
46
47
47
48
49
50
50
51
51
51
52
52
53
53
54
55
55
55
55
56
57
58
58
59
59
57
47
40
34
27
22
19
30
30
31
31
32
33
33
34
34
35
35
35
35
36
36
37
37
37
38
39
40
40
40
41
41
42
43
43
44
44
45
46
46
47
48
48
49
49
50
51
51
51
52
52
53
53
53
55
55
55
55
55
56
57
58
59
59
59
60
61
61
58
52
48
30
30
31
31
31
33
33
34
34
35
35
35
35
36
36
37
37
37
38
39
40
40
40
41
41
42
43
43
44
44
45
46
46
47
48
48
49
49
50
50
51
51
51
52
52
53
53
54
55
55
56
56
56
57
58
58
59
59
60
60
61
62
62
63
30
30
30
31
31
32
33
34
34
34
35
35
35
36
36
37
37
37
38
39
40
40
40
41
41
42
43
43
44
44
45
46
47
47
48
48
48
49
49
50
50
51
51
52
52
53
53
53
54
55
56
56
57
57
58
58
59
59
60
60
62
62
62
62
30
30
30
31
31
32
33
33
34
34
35
35
35
36
36
37
37
37
37
39
40
40
40
41
41
42
43
43
44
44
45
45
47
47
47
48
48
49
49
50
50
51
51
52
52
53
53
53
54
54
56
56
57
57
58
58
59
59
60
60
62
62
63
63
