-45
61
-1
0
-1
-50
72
0
24
-29
-29
0
-5
19
-24
0
18
5
-3
0
17
-7
-7
0
61
-92
33
0
0
-30
11
0
-50
66
-26
0
-21
-75
68
0
27
5
-2
0
-11
44
-47
0
16
32
-50
0
-20
8
6
0
32
-127
45
0
14
-57
30
0
-64
83
-29
0
-47
-44
91
0
48
-7
-50
0
-19
76
-48
0
10
73
-88
0
-12
3
-3
0
41
-89
36
0
4
-68
46
0
-85
78
-63
0
-64
-51
97
0
50
-10
-61
0
-29
22
-30
0
13
88
-89
0
3
-13
8
0
20
-52
8
0
9
-58
50
0
-58
74
-37
0
-56
-40
92
0
41
-10
-34
0
-5
5
-13
0
5
60
-72
0
-2
-20
-2
0
40
-29
13
0
27
-49
20
0
-91
118
-52
0
-41
-8
37
0
62
-5
-47
0
29
-8
27
0
27
36
-58
0
-6
-5
-15
0
47
3
-59
0
10
-43
-29
0
-68
42
1
0
-39
-23
28
0
32
1
5
0
-22
26
-19
0
20
7
17
0
7
10
8
0
25
-68
33
0
21
-3
-26
0
-66
8
16
0
-30
-14
62
0
10
-1
-7
0
-27
46
-9
0
-6
40
-34
0
-4
-12
16
0
32
-76
32
0
8
-22
0
0
-65
0
64
0
-50
-25
54
0
34
0
-21
0
-38
61
-15
0
10
64
-50
0
-10
1
0
0
33
-56
7
0
11
-20
24
0
-91
0
70
0
-40
-20
76
0
35
0
-26
0
-48
43
-5
0
3
87
-60
0
4
18
-19
0
25
-24
14
0
27
-6
10
0
-76
12
41
0
-48
-28
54
0
17
-15
-24
0
-17
36
13
0
0
75
-64
0
16
12
-19
0
18
-41
4
0
-3
-12
-4
0
-95
46
11
0
-42
-11
24
0
45
-17
-25
0
-9
-3
10
0
2
41
-50
0
15
-20
-16
0
32
-21
-38
0
11
-20
-19
0
-48
30
4
0
-35
-8
31
0
9
0
-1
0
-11
24
11
0
13
-2
6
0
0
8
18
0
48
-80
21
0
9
-2
-17
0
-51
22
6
0
-27
2
45
0
-1
-11
-9
0
-18
44
2
0
6
33
-41
0
-3
-4
1
0
11
-85
18
0
14
-13
-14
0
-59
32
53
0
-46
13
57
0
13
-6
-13
0
-36
30
-2
0
-18
81
-55
0
6
7
-20
0
30
-72
22
0
12
-27
7
0
-65
10
33
0
-54
8
52
0
15
-12
-21
0
-47
10
32
0
-15
103
-51
0
3
2
-16
0
45
-74
13
0
-2
-15
-6
0
-75
40
9
0
-37
21
48
0
8
7
13
0
-22
-9
28
0
-33
60
-55
0
-17
19
10
0
19
-61
19
0
6
-3
-17
0
-75
62
14
0
-41
21
29
0
36
-38
-33
0
0
-26
39
0
-15
46
-39
0
-12
3
-17
0
50
-44
-2
0
34
-11
-34
0
-40
36
20
0
-30
18
18
0
20
-13
5
0
-1
9
-16
0
9
0
11
0
-9
-8
11
0
47
-87
-2
0
8
16
-37
0
-60
30
22
0
-43
17
15
0
16
-18
24
0
-3
15
-10
0
-12
32
-32
0
17
-2
-8
0
30
-97
30
0
1
-6
-8
0
-59
25
29
0
-48
12
21
0
0
-24
0
0
4
6
-14
0
-9
61
-26
0
-16
8
9
0
20
-94
3
0
0
-18
-10
0
-64
25
26
0
-47
5
21
0
13
-30
-11
0
-2
-20
-1
0
-24
69
-40
0
7
-7
-13
0
38
-80
17
0
12
-3
-12
0
-65
64
16
0
-31
25
21
0
2
-43
4
0
-9
-39
-1
0
-33
36
-32
0
20
5
-18
0
21
-90
17
0
9
-2
-17
0
-84
33
20
0
-41
9
10
0
20
-54
-22
0
-10
-35
3
0
-2
33
-17
0
14
12
3
0
45
-67
7
0
17
11
-44
0
-27
37
17
0
-8
-9
4
0
11
-30
37
0
5
31
-31
0
-10
-11
8
0
19
-4
-7
0
54
-77
6
0
-5
2
-19
0
-55
28
-2
0
-23
-11
2
0
6
-22
22
0
23
18
-39
0
2
12
-9
0
-12
-3
-14
0
39
-67
22
0
3
8
-10
0
-63
32
8
0
-30
-3
16
0
11
-38
15
0
16
-1
-37
0
1
61
-1
0
3
-6
17
0
44
-89
18
0
11
5
11
0
-66
40
18
0
-33
0
25
0
36
-24
30
0
21
-2
-21
0
-24
24
-33
0
-21
-13
2
0
40
-68
-6
0
-20
0
-12
0
-56
57
-8
0
-34
-1
13
0
10
-32
31
0
23
-22
-18
0
-29
41
-8
0
-4
12
19
0
31
-61
11
0
22
2
-13
0
-74
35
10
0
-29
20
16
0
26
-45
5
0
27
-12
-10
0
5
11
-31
0
-11
-12
18
0
33
-97
-13
0
18
12
-39
0
-12
6
1
0
-11
-15
-7
0
-12
-52
22
0
37
48
-88
0
-2
-17
29
0
2
-18
13
0
58
-79
5
0
-12
34
-5
0
-24
39
-9
0
-11
-5
18
0
16
-35
30
0
27
46
-53
0
-22
21
-11
0
11
7
-21
0
64
-82
10
0
-23
-2
2
0
-23
22
2
0
-19
4
15
0
7
-36
18
0
19
42
-64
0
4
39
-9
0
-20
-6
-7
0
51
-62
-13
0
-17
9
9
0
-23
46
24
0
-27
-1
14
0
15
-45
25
0
18
27
-40
0
-19
30
-21
0
10
-15
14
0
39
-72
-4
0
-23
-10
-2
0
-41
44
2
0
-28
14
6
0
3
-61
28
0
17
19
-39
0
6
7
-13
0
-9
-13
-8
0
24
-64
7
0
-18
0
-2
0
-21
8
21
0
-25
16
5
0
23
-52
17
0
17
-7
-40
0
30
12
-9
0
5
17
10
0
11
-81
32
0
6
27
-29
0
