-128
-118
-128
-123
-117
-128
-128
-121
-128
-128
-128
-128
-102
-128
-128
-120
-128
-126
-128
-123
-112
-128
-128
-119
-128
-127
-128
-122
-109
-128
-128
-121
-128
-126
-128
-122
-128
-128
-128
-118
-128
-126
-128
-121
-128
-128
-128
-123
-97
-119
-110
-126
-128
-128
-121
-121
-88
-128
-102
-128
-118
-128
-119
-126
-81
-128
-100
-128
-110
-128
-118
-123
-99
-128
-102
-128
-106
-128
-128
-121
-128
-128
-128
-124
-124
-128
-128
-112
-128
-125
-128
-121
-128
-128
-128
-122
-111
-128
-105
-128
-128
-128
-128
-119
-101
-128
-104
-123
-128
-128
-128
-117
-80
-128
-98
-126
-128
-128
-118
-115
-107
-128
-104
-128
-116
-128
-121
-116
-128
-128
-116
-128
-116
-128
-127
-109
-128
-127
-128
-122
-124
-128
-128
-113
-128
-128
-120
-123
-128
-128
-124
-106
-128
-128
-109
-122
-128
-128
-116
-112
-103
-128
-109
-113
-128
-128
-117
-112
-89
-128
-107
-128
-128
-128
-127
-113
-91
-128
-106
-128
-128
-128
-128
-126
-128
-128
-121
-128
-128
-128
-128
-110
-125
-128
-111
-122
-128
-128
-127
-110
-126
-128
-107
-102
-128
-128
-128
-109
-118
-128
-99
-90
-128
-128
-128
-111
-128
-128
-102
-99
-128
-128
-128
-114
-117
-128
-119
-115
-128
-128
-126
-114
-128
-126
-115
-128
-127
-128
-128
-116
-117
-128
-105
-114
-120
-128
-128
-119
-123
-128
-127
-127
-127
-128
-128
-114
-128
-128
-124
-115
-128
-128
-128
-107
-128
-122
-124
-110
-128
-128
-128
-108
-128
-128
-128
-113
-128
-128
-128
-113
-128
-102
-121
-128
-125
-128
-128
-109
