-128
-118
-128
-123
-128
-128
-128
-128
-128
-126
-128
-123
-128
-127
-128
-122
-128
-126
-128
-122
-128
-126
-128
-121
-97
-119
-110
-126
-88
-128
-102
-128
-81
-128
-100
-128
-99
-128
-102
-128
-128
-128
-128
-124
-128
-125
-128
-121
-111
-128
-105
-128
-101
-128
-104
-123
-80
-128
-98
-126
-107
-128
-104
-128
-128
-128
-116
-128
-128
-127
-128
-122
-128
-128
-120
-123
-128
-128
-109
-122
-103
-128
-109
-113
-89
-128
-107
-128
-91
-128
-106
-128
-128
-128
-121
-128
-125
-128
-111
-122
-126
-128
-107
-102
-118
-128
-99
-90
-128
-128
-102
-99
-117
-128
-119
-115
-128
-126
-115
-128
-117
-128
-105
-114
-123
-128
-127
-127
-128
-128
-124
-115
-128
-122
-124
-110
-128
-128
-128
-113
-128
-102
-121
-128
-117
-128
-128
-121
-102
-128
-128
-120
-112
-128
-128
-119
-109
-128
-128
-121
-128
-128
-128
-118
-128
-128
-128
-123
-128
-128
-121
-121
-118
-128
-119
-126
-110
-128
-118
-123
-106
-128
-128
-121
-124
-128
-128
-112
-128
-128
-128
-122
-128
-128
-128
-119
-128
-128
-128
-117
-128
-128
-118
-115
-116
-128
-121
-116
-116
-128
-127
-109
-124
-128
-128
-113
-128
-128
-124
-106
-128
-128
-116
-112
-128
-128
-117
-112
-128
-128
-127
-113
-128
-128
-128
-126
-128
-128
-128
-110
-128
-128
-127
-110
-128
-128
-128
-109
-128
-128
-128
-111
-128
-128
-128
-114
-128
-128
-126
-114
-127
-128
-128
-116
-120
-128
-128
-119
-127
-128
-128
-114
-128
-128
-128
-107
-128
-128
-128
-108
-128
-128
-128
-113
-125
-128
-128
-109
