-126
-114
-2
-123
-126
-114
-2
-123
-126
-114
-1
-123
-126
-114
-1
-123
-126
-114
-1
-123
-126
-114
-2
-123
-126
-114
-2
-123
-126
-114
-2
-123
-126
-114
-2
-123
-126
-115
-3
-123
-126
-115
-3
-123
-126
-115
-3
-123
-126
-114
-3
-123
-126
-114
-3
-123
-126
-115
-3
-123
-126
-114
-2
-123
-126
-114
-2
-123
-126
-114
-2
-123
-126
-114
-2
-123
-126
-114
-1
-123
-126
-114
-1
-123
-126
-114
-2
-123
-126
-114
-2
-123
-126
-114
-2
-123
-126
-114
-3
-123
-126
-115
-3
-123
-126
-115
-3
-123
-126
-115
-3
-123
-126
-115
-4
-123
-126
-115
-4
-123
-126
-115
-4
-123
-126
-114
-1
-123
-126
-114
-1
-123
-126
-114
0
-123
-126
-114
0
-123
-126
-114
0
-123
-126
-114
0
-123
-126
-114
0
-123
-126
-114
0
-123
-126
-114
-1
-123
-126
-114
-1
-123
-126
-114
-2
-123
-126
-114
-1
-123
-126
-114
-1
-123
-126
-114
-1
-123
-126
-114
-1
-123
-126
-114
-1
-123
-126
-114
0
-123
-126
-114
0
-123
-126
-114
0
-123
-126
-114
-1
-123
-126
-114
0
-123
-126
-114
0
-123
-126
-114
-1
-123
-126
-114
-1
-123
-126
-114
-1
-123
-126
-114
-2
-123
-126
-114
-1
-123
-126
-114
-1
-123
-126
-114
-1
-123
-126
-115
-2
-123
-126
-115
-3
-123
-126
-114
0
-123
-126
-114
1
-123
-126
-114
1
-123
-126
-114
1
-123
-126
-114
1
-123
-126
-114
1
-123
-126
-114
1
-123
-126
-114
1
-123
-126
-114
1
-123
-126
-114
1
-123
-126
-114
0
-123
-126
-114
1
-123
-126
-114
1
-123
-126
-114
1
-123
-126
-114
1
-123
-126
-114
1
-123
-126
-114
1
-123
-126
-114
1
-123
-126
-114
1
-123
-126
-114
1
-123
-126
-114
1
-123
-126
-114
0
-123
-126
-114
-1
-123
-126
-114
-1
-123
-126
-114
-1
-123
-126
-114
0
-123
-126
-114
0
-123
-126
-114
0
-123
-126
-114
0
-123
-126
-114
-1
-123
-126
-114
-1
-123
-126
-114
1
-123
-126
-114
2
-123
-126
-113
3
-123
-126
-113
3
-123
-126
-113
3
-123
-126
-113
3
-123
-126
-114
2
-123
-126
-114
2
-123
-126
-114
2
-123
-126
-113
2
-123
-126
-114
2
-123
-126
-113
2
-123
-126
-114
2
-123
-126
-113
2
-123
-126
-113
2
-123
-126
-114
2
-123
-126
-114
2
-123
-126
-114
2
-123
-126
-114
2
-123
-126
-114
2
-123
-126
-114
2
-123
-126
-114
2
-123
-126
-114
1
-123
-126
-114
1
-123
-126
-114
1
-123
-126
-114
1
-123
-126
-114
1
-123
-126
-114
1
-123
-126
-114
1
-123
-126
-114
1
-123
-126
-114
1
-123
-126
-113
3
-123
-126
-113
3
-123
-126
-113
3
-123
-126
-113
4
-123
-126
-113
4
-123
-126
-113
4
-123
-126
-113
3
-123
-126
-113
3
-123
-126
-113
3
-123
-126
-113
3
-123
-126
-113
3
-123
-126
-113
3
-123
-126
-113
3
-123
-126
-113
3
-123
-126
-113
3
-123
-126
-113
3
-123
-126
-113
3
-123
-126
-113
3
-123
-126
-113
3
-123
-126
-113
3
-123
-126
-114
2
-123
-126
-114
2
-123
-126
-114
2
-123
-126
-114
2
-123
-126
-114
2
-123
-126
-113
2
-123
-126
-113
2
-123
-126
-114
2
-123
-126
-113
2
-123
-126
-114
2
-123
-126
-114
2
-123
-126
-113
3
-123
-126
-113
3
-123
-126
-113
4
-123
-126
-113
5
-123
-126
-113
5
-123
-126
-113
5
-123
-126
-113
4
-123
-126
-113
4
-123
-126
-113
4
-123
-126
-113
4
-123
-126
-113
3
-123
-126
-113
3
-123
-126
-113
4
-123
-126
-113
4
-123
-126
-113
4
-123
-126
-113
4
-123
-126
-113
4
-123
-126
-113
4
-123
-126
-113
4
-123
-126
-113
3
-123
-126
-113
3
-123
-126
-113
3
-123
-126
-113
3
-123
-126
-113
3
-123
-126
-113
3
-123
-126
-113
3
-123
-126
-113
3
-123
-126
-113
3
-123
-126
-113
3
-123
-126
-114
2
-123
-126
-114
2
-123
-126
-113
4
-123
-126
-113
5
-123
-126
-113
5
-123
-126
-113
5
-123
-126
-113
5
-123
-125
-113
5
-122
-126
-112
3
-116
-128
-104
1
-112
-126
-102
4
-113
-126
-113
5
-123
-126
-113
4
-123
-126
-113
4
-123
-126
-113
4
-123
-126
-113
5
-123
-126
-113
5
-123
-126
-113
5
-123
-126
-113
5
-123
-126
-113
5
-123
-126
-113
5
-123
-126
-113
4
-123
-126
-113
4
-123
-126
-113
4
-123
-126
-113
4
-123
-126
-113
4
-123
-126
-113
4
-123
-126
-113
4
-123
-126
-113
4
-123
-126
-113
4
-123
-126
-113
4
-123
-126
-113
4
-123
-126
-113
4
-123
-126
-113
5
-123
-126
-113
5
-123
-126
-113
5
-123
-126
-113
5
-123
-125
-113
6
-123
-128
-123
-5
-123
-126
-117
-38
-120
-124
-111
-29
-113
-122
-96
-2
-106
-125
-108
5
-116
-126
-111
5
-117
-126
-108
5
-117
-126
-109
5
-120
-126
-113
5
-123
-125
-113
5
-121
-126
-113
4
-116
-128
-107
1
-112
-127
-103
5
-112
-126
-112
5
-122
-126
-113
5
-123
-126
-113
5
-123
-126
-113
5
-123
-126
-113
5
-123
-126
-113
5
-123
-126
-113
5
-123
-126
-113
6
-123
-126
-112
6
-123
-126
-113
6
-123
-126
-113
6
-123
-126
-113
5
-123
-126
-113
5
-123
-126
-113
5
-123
-126
-113
5
-123
-126
-113
6
-123
-125
-113
6
-122
-126
-121
3
-123
-125
-128
-51
-126
-123
-125
-65
-122
-123
-124
-60
-121
-120
-103
-25
-106
-128
-109
-10
-107
-128
-111
-20
-116
-128
-108
-11
-114
-128
-102
0
-110
-125
-102
6
-112
-128
-122
-7
-124
-126
-116
-36
-121
-125
-114
-33
-115
-123
-100
-8
-109
-128
-99
5
-108
-126
-111
6
-122
-126
-113
6
-123
-126
-113
6
-123
-126
-113
5
-123
-126
-113
6
-123
-126
-113
6
-123
-126
-112
6
-123
-126
-112
7
-123
-126
-112
8
-123
-126
-113
8
-123
-126
-113
6
-123
-126
-113
6
-123
-126
-113
6
-123
-125
-113
6
-123
-126
-113
6
-118
-125
-116
4
-120
-125
-122
-38
-126
-123
-125
-55
-124
-121
-124
-52
-122
-121
-125
-52
-122
-124
-127
-57
-120
-128
-122
-61
-120
-126
-122
-60
-120
-126
-121
-53
-119
-124
-112
-30
-111
-124
-104
-15
-109
-126
-124
-54
-120
-124
-125
-65
-122
-125
-124
-60
-122
-122
-119
-43
-115
-121
-98
-9
-108
-126
-102
6
-110
-126
-113
7
-123
-126
-113
7
-123
-126
-113
7
-123
-126
-113
7
-123
-126
-113
7
-123
-126
-112
7
-123
-126
-112
8
-123
-126
-112
9
-123
-126
-112
8
-123
-126
-112
8
-123
-126
-112
8
-123
-125
-113
7
-123
-126
-117
1
-119
-128
-115
-20
-119
-125
-118
-36
-123
-124
-124
-46
-124
-125
-124
-49
-124
-125
-123
-50
-122
-127
-125
-52
-123
-128
-128
-67
-127
-126
-124
-82
-116
-125
-125
-72
-118
-125
-124
-64
-121
-125
-123
-56
-120
-126
-128
-59
-123
-122
-120
-73
-114
-124
-125
-65
-121
-124
-123
-59
-121
-124
-123
-52
-121
-118
-109
-25
-111
-124
-100
6
-107
-126
-112
8
-123
-126
-112
8
-123
-126
-112
8
-123
-126
-112
9
-123
-126
-112
9
-123
-126
-112
9
-123
-126
-112
9
-123
-126
-112
10
-123
-126
-112
10
-123
-126
-112
9
-123
-126
-112
9
-123
-128
-122
-11
-122
-126
-122
-48
-121
-124
-120
-51
-119
-124
-120
-43
-120
-126
-123
-44
-124
-126
-125
-49
-124
-126
-124
-53
-122
-128
-127
-59
-124
-127
-128
-83
-128
-121
-124
-94
-116
-124
-124
-78
-117
-124
-124
-68
-120
-124
-122
-55
-120
-128
-127
-60
-126
-119
-119
-78
-112
-125
-124
-65
-120
-124
-123
-57
-121
-124
-122
-50
-121
-120
-110
-31
-115
-122
-104
4
-109
-126
-111
9
-122
-126
-112
10
-123
-126
-112
10
-123
-126
-112
10
-123
-126
-112
11
-123
-126
-112
11
-123
-126
-112
11
-123
-126
-112
11
-123
-126
-112
11
-123
-126
-112
11
-123
-126
-112
10
-123
-126
-127
-58
-126
-124
-123
-68
-119
-123
-120
-51
-117
-124
-121
-44
-120
-126
-124
-45
-124
-127
-126
-55
-124
-127
-126
-62
-123
-128
-128
-71
-125
-124
-125
-82
-122
-118
-128
-92
-120
-123
-124
-80
-115
-124
-124
-67
-120
-124
-120
-54
-119
-127
-122
-53
-122
-120
-120
-82
-113
-124
-121
-65
-115
-124
-122
-56
-120
-125
-123
-52
-120
-119
-107
-33
-111
-123
-102
3
-103
-126
-107
10
-117
-126
-112
11
-123
-126
-112
11
-123
-126
-111
12
-123
-126
-112
12
-123
-126
-112
12
-123
-126
-112
12
-123
-126
-112
12
-123
-126
-112
12
-123
-126
-112
12
-123
-126
-112
12
-123
-125
-128
-74
-125
-123
-123
-69
-119
-123
-120
-51
-117
-125
-121
-46
-121
-126
-125
-50
-125
-126
-128
-62
-127
-124
-128
-74
-123
-128
-127
-85
-122
-121
-121
-70
-115
-119
-128
-78
-128
-120
-121
-82
-114
-124
-124
-67
-119
-124
-121
-55
-119
-126
-122
-53
-121
-120
-127
-82
-119
-126
-121
-70
-113
-126
-123
-63
-119
-127
-124
-61
-120
-120
-113
-44
-111
-125
-105
-7
-105
-128
-97
9
-106
-126
-110
12
-121
-126
-111
12
-123
-126
-111
13
-123
-126
-111
13
-123
-126
-111
14
-123
-126
-111
14
-123
-126
-111
14
-123
-126
-111
14
-123
-126
-111
14
-123
-126
-111
14
-123
-125
-128
-76
-125
-123
-123
-69
-119
-123
-120
-51
-118
-125
-121
-45
-121
-125
-125
-48
-125
-125
-126
-54
-125
-125
-128
-82
-128
-119
-125
-91
-116
-119
-122
-65
-115
-125
-124
-62
-123
-119
-122
-83
-114
-124
-120
-67
-115
-124
-123
-56
-120
-125
-122
-54
-121
-120
-128
-80
-128
-121
-125
-86
-115
-127
-127
-81
-120
-126
-128
-82
-121
-121
-117
-64
-114
-122
-116
-42
-112
-117
-98
-2
-104
-127
-102
12
-112
-126
-111
13
-123
-126
-111
14
-123
-126
-111
14
-123
-126
-111
14
-123
-126
-111
14
-123
-126
-111
15
-123
-126
-111
15
-123
-126
-111
15
-123
-126
-111
15
-123
-125
-128
-76
-124
-122
-123
-68
-118
-123
-120
-50
-117
-125
-120
-43
-121
-125
-123
-44
-124
-125
-126
-49
-125
-123
-128
-72
-128
-116
-124
-80
-115
-121
-122
-59
-118
-124
-123
-54
-121
-119
-128
-78
-127
-121
-120
-68
-113
-124
-123
-59
-121
-125
-122
-54
-121
-126
-128
-64
-128
-120
-128
-99
-119
-126
-128
-98
-118
-125
-128
-96
-122
-120
-120
-76
-114
-125
-116
-55
-110
-122
-108
-23
-108
-128
-101
2
-107
-128
-96
13
-107
-126
-109
15
-121
-126
-111
16
-123
-126
-111
16
-123
-126
-111
16
-123
-126
-111
16
-123
-126
-111
17
-123
-126
-111
17
-123
-126
-111
17
-123
-125
-128
-77
-124
-123
-123
-68
-119
-124
-120
-50
-117
-125
-120
-41
-120
-125
-122
-41
-123
-126
-124
-45
-125
-126
-128
-59
-128
-121
-121
-76
-116
-123
-121
-56
-117
-124
-122
-52
-119
-122
-128
-69
-128
-121
-117
-73
-110
-125
-122
-61
-119
-125
-124
-58
-121
-127
-126
-62
-123
-121
-128
-99
-128
-123
-128
-108
-117
-124
-128
-103
-121
-121
-125
-86
-116
-124
-121
-68
-113
-122
-119
-62
-119
-119
-117
-37
-116
-118
-97
1
-107
-126
-101
17
-110
-126
-111
17
-123
-126
-111
17
-123
-126
-110
17
-123
-126
-110
18
-123
-126
-110
18
-123
-126
-110
19
-123
-126
-110
19
-123
-125
-125
-78
-120
-123
-123
-69
-119
-123
-119
-50
-117
-124
-120
-39
-120
-125
-120
-36
-123
-124
-122
-36
-125
-125
-128
-46
-128
-121
-124
-77
-117
-125
-121
-62
-112
-128
-122
-62
-118
-128
-128
-74
-122
-123
-117
-86
-106
-127
-120
-68
-113
-127
-126
-67
-121
-128
-126
-70
-121
-125
-128
-95
-128
-121
-128
-113
-114
-122
-128
-93
-117
-121
-128
-91
-122
-120
-123
-72
-117
-119
-120
-51
-117
-122
-120
-42
-119
-119
-107
-14
-110
-125
-96
15
-106
-126
-107
19
-120
-126
-110
20
-123
-126
-110
20
-123
-126
-110
20
-123
-126
-110
21
-123
-126
-110
21
-123
-126
-110
20
-123
-122
-124
-81
-116
-123
-123
-69
-119
-123
-118
-49
-117
-124
-119
-35
-120
-124
-119
-29
-121
-125
-119
-28
-122
-127
-124
-38
-128
-119
-128
-69
-128
-123
-128
-95
-119
-122
-128
-101
-119
-124
-128
-110
-122
-119
-121
-116
-105
-127
-122
-90
-111
-127
-126
-86
-118
-126
-128
-85
-121
-128
-128
-93
-124
-121
-127
-114
-114
-123
-126
-92
-113
-125
-127
-89
-120
-122
-121
-67
-116
-123
-120
-48
-118
-125
-120
-40
-121
-124
-121
-35
-121
-120
-97
-3
-107
-128
-96
19
-108
-126
-109
22
-122
-126
-110
22
-123
-126
-110
22
-123
-126
-109
23
-123
-126
-110
22
-123
-126
-110
22
-123
-120
-123
-85
-115
-122
-124
-66
-120
-122
-119
-48
-118
-124
-118
-35
-119
-126
-118
-29
-121
-126
-118
-28
-121
-124
-119
-30
-122
-127
-122
-38
-126
-114
-123
-53
-121
-112
-128
-50
-128
-117
-128
-61
-128
-108
-128
-88
-128
-112
-128
-108
-118
-115
-127
-100
-116
-126
-128
-95
-118
-125
-128
-97
-123
-119
-128
-122
-121
-121
-128
-107
-115
-120
-125
-87
-118
-120
-122
-62
-117
-123
-120
-48
-119
-125
-120
-41
-121
-125
-120
-37
-122
-122
-119
-27
-117
-120
-96
7
-107
-127
-97
22
-109
-126
-110
23
-123
-126
-110
23
-123
-126
-109
24
-123
-126
-109
24
-123
-126
-110
23
-123
-121
-122
-83
-115
-123
-124
-64
-118
-123
-120
-51
-119
-125
-120
-41
-120
-126
-119
-36
-121
-126
-119
-34
-121
-126
-117
-32
-121
-126
-116
-32
-120
-118
-116
-27
-117
-123
-121
-25
-125
-124
-121
-30
-124
-125
-121
-32
-124
-116
-122
-38
-126
-114
-128
-69
-128
-116
-128
-96
-122
-123
-128
-99
-123
-120
-128
-108
-125
-120
-128
-97
-120
-119
-123
-76
-116
-121
-122
-59
-117
-124
-121
-49
-120
-124
-120
-41
-121
-125
-121
-38
-122
-126
-121
-38
-123
-120
-111
-17
-112
-122
-94
18
-106
-126
-104
25
-117
-126
-109
25
-123
-126
-109
25
-123
-126
-109
25
-123
-127
-109
24
-123
-119
-124
-79
-116
-123
-124
-63
-119
-124
-121
-52
-120
-125
-121
-45
-121
-125
-121
-42
-122
-126
-122
-42
-123
-122
-118
-37
-120
-123
-115
-31
-118
-122
-115
-24
-117
-126
-119
-22
-123
-125
-120
-25
-124
-125
-120
-29
-123
-126
-120
-32
-123
-126
-121
-35
-124
-117
-127
-50
-128
-119
-128
-78
-128
-123
-128
-104
-122
-122
-128
-88
-119
-120
-123
-70
-119
-122
-122
-54
-119
-123
-122
-48
-121
-124
-120
-40
-120
-126
-120
-38
-121
-126
-121
-38
-123
-125
-122
-38
-123
-120
-96
-4
-106
-128
-93
24
-106
-126
-109
26
-123
-127
-109
27
-123
-127
-109
26
-123
-126
-109
25
-123
-120
-122
-76
-116
-124
-124
-63
-120
-124
-121
-52
-120
-125
-121
-45
-121
-125
-122
-42
-123
-124
-122
-41
-123
-124
-120
-39
-121
-121
-116
-32
-121
-125
-113
-23
-114
-126
-118
-22
-123
-126
-119
-24
-123
-126
-120
-29
-124
-125
-120
-32
-124
-125
-120
-32
-123
-125
-121
-33
-124
-126
-123
-43
-128
-116
-128
-72
-126
-118
-124
-73
-119
-121
-124
-59
-120
-122
-122
-51
-120
-125
-123
-48
-123
-125
-122
-44
-122
-125
-120
-40
-122
-125
-120
-37
-122
-125
-121
-38
-123
-121
-116
-26
-116
-119
-94
15
-104
-126
-100
28
-114
-126
-109
28
-123
-126
-109
27
-123
-126
-109
27
-123
-120
-122
-78
-116
-125
-122
-64
-116
-124
-120
-53
-118
-125
-119
-45
-118
-125
-119
-41
-120
-124
-122
-39
-122
-125
-120
-40
-122
-121
-117
-32
-117
-124
-116
-24
-118
-126
-118
-24
-122
-126
-119
-26
-123
-125
-119
-29
-122
-125
-119
-29
-123
-125
-120
-29
-123
-125
-120
-30
-124
-125
-120
-31
-123
-122
-122
-37
-126
-118
-127
-57
-122
-121
-122
-56
-119
-124
-122
-49
-121
-125
-122
-45
-122
-125
-122
-44
-122
-125
-121
-41
-122
-125
-120
-36
-122
-125
-121
-36
-123
-125
-121
-36
-123
-121
-101
-4
-107
-126
-94
27
-107
-126
-108
29
-122
-127
-108
29
-123
-127
-109
28
-123
-120
-128
-80
-122
-124
-126
-74
-118
-126
-122
-66
-117
-127
-119
-54
-116
-127
-118
-44
-117
-127
-120
-44
-121
-124
-121
-41
-120
-123
-116
-35
-117
-126
-118
-28
-121
-127
-119
-28
-122
-126
-120
-30
-123
-125
-119
-29
-122
-126
-119
-28
-122
-126
-119
-28
-122
-126
-119
-29
-123
-125
-119
-30
-123
-126
-119
-30
-122
-122
-122
-35
-126
-121
-125
-47
-123
-123
-122
-45
-122
-123
-121
-40
-123
-124
-120
-37
-122
-124
-122
-36
-124
-124
-120
-34
-122
-125
-120
-32
-123
-125
-120
-32
-123
-123
-118
-27
-118
-119
-93
14
-106
-127
-100
30
-113
-127
-108
30
-123
-127
-108
30
-123
-119
-128
-51
-124
-124
-128
-80
-123
-124
-128
-86
-120
-125
-123
-73
-117
-126
-120
-59
-117
-126
-120
-49
-119
-125
-120
-47
-121
-124
-119
-38
-119
-126
-119
-33
-121
-127
-120
-33
-122
-126
-119
-32
-122
-126
-120
-31
-122
-126
-119
-30
-122
-126
-119
-31
-122
-126
-119
-31
-122
-125
-118
-32
-121
-125
-118
-29
-121
-126
-119
-30
-123
-123
-122
-36
-126
-123
-120
-36
-121
-124
-118
-33
-122
-124
-120
-32
-123
-125
-119
-29
-123
-125
-119
-29
-123
-125
-120
-29
-124
-125
-120
-30
-123
-125
-122
-33
-123
-120
-99
-2
-107
-126
-94
29
-107
-126
-108
31
-123
-126
-108
31
-123
-117
-128
-19
-128
-116
-128
-73
-124
-123
-128
-90
-125
-123
-127
-86
-119
-124
-124
-73
-119
-125
-122
-61
-119
-125
-121
-51
-119
-126
-119
-42
-119
-126
-119
-39
-120
-125
-121
-38
-122
-125
-120
-35
-121
-125
-120
-35
-122
-126
-120
-36
-122
-124
-119
-33
-121
-125
-120
-34
-122
-125
-119
-34
-121
-126
-119
-31
-122
-126
-119
-31
-122
-126
-119
-31
-123
-123
-120
-31
-124
-124
-118
-31
-121
-125
-117
-28
-121
-125
-119
-27
-123
-125
-119
-27
-123
-126
-119
-27
-123
-126
-120
-29
-123
-126
-121
-33
-124
-120
-112
-17
-114
-121
-95
23
-106
-127
-105
33
-120
-126
-108
33
-123
-127
-108
27
-124
-115
-128
-25
-128
-113
-128
-75
-125
-123
-128
-91
-120
-124
-127
-81
-119
-125
-126
-73
-120
-125
-122
-64
-119
-125
-119
-50
-118
-126
-119
-43
-119
-126
-121
-41
-122
-125
-120
-40
-122
-125
-121
-39
-122
-124
-120
-38
-122
-124
-119
-35
-120
-124
-121
-39
-121
-125
-120
-36
-121
-126
-120
-35
-122
-126
-119
-34
-122
-125
-118
-30
-121
-125
-119
-28
-122
-124
-121
-30
-123
-125
-117
-27
-121
-126
-118
-25
-122
-125
-119
-25
-123
-126
-120
-26
-123
-126
-120
-29
-124
-126
-121
-33
-124
-124
-117
-30
-120
-119
-94
13
-106
-127
-99
34
-112
-127
-107
34
-123
-126
-108
31
-123
-127
-108
30
-124
-115
-128
-23
-128
-116
-128
-86
-124
-124
-128
-89
-120
-125
-127
-82
-120
-125
-125
-74
-120
-124
-121
-61
-118
-126
-121
-52
-119
-126
-121
-47
-120
-125
-120
-43
-120
-126
-121
-41
-122
-125
-119
-38
-120
-126
-122
-37
-121
-125
-121
-40
-121
-125
-121
-39
-122
-126
-121
-39
-123
-125
-120
-38
-122
-125
-117
-31
-120
-126
-119
-28
-122
-126
-118
-28
-122
-124
-119
-25
-123
-125
-118
-23
-122
-126
-119
-23
-123
-126
-119
-25
-124
-126
-121
-29
-124
-126
-121
-32
-124
-124
-120
-33
-122
-120
-98
2
-107
-127
-93
34
-106
-127
-107
36
-123
-126
-108
33
-123
-127
-108
32
-123
-128
-109
28
-125
-114
-128
-34
-128
-113
-128
-90
-122
-125
-128
-91
-120
-125
-127
-83
-120
-125
-124
-72
-118
-126
-123
-64
-120
-126
-122
-55
-119
-126
-120
-47
-119
-126
-121
-45
-120
-124
-120
-39
-119
-125
-120
-40
-122
-125
-122
-41
-122
-125
-121
-40
-122
-126
-122
-40
-123
-125
-120
-38
-122
-125
-119
-33
-121
-126
-119
-31
-122
-124
-117
-27
-121
-125
-117
-22
-121
-125
-118
-21
-123
-126
-118
-21
-123
-126
-120
-24
-124
-126
-121
-29
-124
-126
-121
-33
-123
-126
-121
-35
-123
-120
-106
-12
-111
-122
-93
30
-103
-126
-106
38
-123
-127
-107
35
-123
-126
-108
34
-123
-126
-107
35
-123
-125
-108
31
-125
-111
-128
-27
-128
-110
-128
-85
-121
-124
-128
-92
-120
-125
-127
-83
-119
-125
-126
-76
-120
-125
-123
-67
-119
-126
-122
-57
-120
-125
-121
-51
-120
-125
-121
-46
-119
-125
-120
-42
-120
-126
-122
-42
-123
-125
-121
-41
-122
-125
-122
-40
-123
-125
-119
-37
-122
-125
-118
-30
-121
-125
-119
-28
-123
-124
-119
-25
-122
-125
-118
-23
-122
-126
-117
-22
-122
-126
-118
-22
-122
-126
-119
-24
-123
-126
-121
-30
-124
-126
-121
-34
-123
-126
-122
-38
-124
-121
-111
-25
-115
-120
-95
25
-103
-127
-103
39
-119
