-128
-128
-128
-122
-128
-128
-97
-128
-128
-128
-128
-122
-128
-128
-97
-128
-128
-128
-128
-122
-128
-128
-97
-128
-128
-128
-128
-122
-128
-128
-97
-128
-128
-128
-128
-122
-128
-128
-97
-128
-128
-128
-128
-122
-128
-128
-97
-128
-128
-128
-128
-122
-128
-128
-97
-128
-128
-128
-128
-122
-128
-128
-97
-128
-128
-128
-128
-122
-128
-128
-97
-128
-128
-128
-128
-122
-128
-128
-97
-128
-128
-128
-128
-121
-128
-128
-97
-128
-128
-128
-128
-121
-128
-128
-97
-128
-128
-128
-128
-122
-128
-128
-97
-128
-128
-128
-128
-122
-128
-128
-97
-128
-128
-128
-128
-121
-128
-128
-96
-128
-128
-128
-128
-121
-128
-128
-96
-128
-128
-128
-128
-121
-128
-128
-96
-128
-128
-128
-128
-121
-128
-128
-96
-128
-128
-128
-128
-121
-128
-128
-96
-128
-128
-128
-128
-121
-128
-128
-96
-128
-128
-128
-128
-121
-128
-128
-96
-128
-128
-128
-128
-121
-128
-128
-96
-128
-128
-128
-128
-121
-128
-128
-96
-128
-128
-128
-128
-121
-128
-128
-96
-128
-128
-128
-128
-121
-128
-128
-97
-128
-128
-128
-128
-121
-128
-128
-97
-128
-128
-128
-128
-121
-128
-128
-96
-128
-128
-128
-128
-121
-128
-128
-96
-128
-128
-128
-128
-121
-128
-128
-96
-128
-128
-128
-128
-120
-128
-128
-96
-128
-128
-128
-116
-107
-128
-128
-93
-128
-128
-128
-103
-104
-128
-128
-87
-125
-128
-123
-116
-120
-128
-128
-92
-128
-128
-128
-124
-121
-128
-128
-94
-128
-128
-128
-126
-120
-128
-128
-96
-128
-128
-128
-119
-120
-128
-128
-92
-128
-128
-128
-122
-121
-128
-128
-95
-128
-128
-128
-128
-121
-128
-128
-96
-128
-128
-128
-128
-121
-128
-128
-96
-128
-128
-128
-128
-121
-128
-128
-96
-128
-128
-128
-128
-121
-128
-128
-96
-128
-128
-128
-128
-121
-128
-128
-96
-128
-128
-128
-127
-120
-128
-128
-95
-128
-124
-124
-128
-117
-128
-119
-97
-128
-117
-120
-116
-101
-128
-107
-112
-128
-128
-128
-90
-96
-128
-111
-83
-124
-128
-122
-104
-98
-128
-106
-87
-128
-128
-128
-100
-97
-128
-119
-89
-128
-125
-122
-116
-108
-128
-114
-94
-128
-128
-128
-101
-97
-128
-106
-93
-128
-128
-125
-92
-98
-128
-123
-81
-128
-128
-123
-115
-118
-128
-128
-89
-128
-128
-128
-128
-121
-128
-128
-96
-128
-128
-128
-128
-121
-128
-128
-95
-128
-128
-128
-128
-121
-128
-128
-95
-128
-128
-128
-128
-121
-128
-128
-95
-128
-128
-128
-122
-106
-128
-113
-97
-128
-117
-117
-125
-112
-128
-112
-109
-128
-115
-116
-126
-123
-128
-122
-108
-128
-119
-119
-116
-119
-128
-112
-109
-128
-128
-127
-105
-106
-128
-98
-111
-120
-128
-128
-102
-99
-128
-104
-104
-128
-114
-115
-108
-102
-128
-101
-106
-128
-126
-121
-107
-115
-128
-107
-108
-126
-128
-128
-88
-105
-128
-116
-82
-116
-125
-118
-106
-113
-128
-125
-78
-128
-128
-128
-128
-121
-128
-128
-95
-128
-128
-128
-128
-121
-128
-128
-94
-128
-128
-128
-128
-121
-128
-128
-94
-128
-128
-128
-128
-121
-128
-128
-94
-128
-125
-124
-113
-107
-128
-109
-104
-122
-123
-123
-122
-121
-128
-120
-106
-128
-123
-125
-128
-122
-128
-121
-114
-128
-116
-116
-118
-123
-128
-115
-117
-117
-125
-121
-108
-122
-124
-114
-104
-114
-128
-124
-107
-124
-128
-121
-105
-126
-118
-115
-108
-125
-122
-121
-110
-115
-127
-120
-106
-124
-128
-119
-101
-128
-128
-126
-84
-112
-128
-127
-85
-105
-124
-118
-94
-113
-128
-128
-75
-128
-128
-125
-120
-121
-128
-128
-94
-128
-128
-128
-128
-121
-128
-128
-93
-128
-128
-128
-128
-121
-128
-128
-94
-128
-128
-128
-128
-121
-128
-128
-94
-128
-128
-128
-111
-122
-128
-123
-102
-115
-121
-121
-122
-126
-128
-122
-105
-128
-115
-114
-121
-124
-128
-120
-117
-123
-123
-119
-106
-121
-128
-120
-102
-108
-116
-110
-107
-128
-125
-120
-106
-115
-128
-124
-106
-125
-128
-120
-100
-127
-114
-114
-109
-124
-124
-114
-110
-123
-128
-125
-111
-118
-128
-107
-106
-126
-128
-127
-88
-106
-128
-110
-95
-111
-128
-128
-77
-101
-128
-114
-76
-123
-128
-121
-97
-113
-128
-128
-77
-128
-128
-128
-123
-120
-128
-128
-93
-128
-128
-128
-128
-120
-128
-128
-93
-128
-128
-128
-128
-120
-128
-128
-93
-128
-128
-128
-109
-124
-128
-124
-101
-115
-123
-122
-118
-126
-128
-126
-103
-128
-115
-114
-118
-128
-128
-128
-112
-121
-128
-125
-108
-126
-127
-124
-99
-106
-117
-113
-102
-126
-127
-121
-107
-118
-127
-122
-105
-123
-128
-116
-101
-110
-113
-112
-121
-125
-128
-119
-112
-128
-113
-115
-112
-123
-118
-112
-117
-115
-128
-123
-97
-116
-128
-109
-107
-111
-128
-128
-87
-101
-128
-103
-91
-122
-128
-126
-83
-96
-128
-113
-77
-128
-128
-123
-106
-113
-128
-128
-76
-128
-128
-128
-128
-120
-128
-128
-92
-128
-128
-128
-128
-120
-128
-128
-92
-128
-128
-126
-104
-124
-128
-120
-99
-117
-126
-123
-115
-125
-128
-127
-98
-128
-116
-114
-128
-128
-128
-127
-105
-128
-118
-114
-112
-116
-122
-111
-108
-122
-113
-104
-97
-110
-122
-104
-115
-115
-124
-116
-98
-111
-109
-102
-104
-104
-122
-121
-108
-114
-128
-103
-113
-128
-112
-111
-104
-125
-113
-112
-119
-105
-128
-120
-98
-124
-128
-113
-107
-112
-128
-127
-102
-126
-128
-121
-97
-115
-128
-128
-88
-110
-128
-121
-84
-123
-127
-121
-90
-104
-128
-128
-73
-128
-128
-123
-115
-117
-128
-128
-83
-128
-128
-128
-128
-120
-128
-128
-91
-128
-128
-124
-103
-124
-128
-120
-101
-124
-128
-127
-116
-120
-128
-124
-100
-128
-121
-122
-120
-119
-128
-126
-103
-128
-115
-111
-112
-125
-128
-128
-95
-116
-118
-114
-125
-128
-128
-128
-95
-118
-115
-112
-110
-128
-109
-114
-95
-115
-114
-110
-113
-128
-125
-114
-104
-124
-116
-114
-107
-128
-110
-106
-113
-109
-128
-121
-97
-127
-124
-113
-101
-108
-128
-125
-108
-126
-128
-123
-100
-122
-128
-126
-112
-121
-128
-121
-103
-128
-128
-128
-88
-103
-128
-121
-78
-122
-128
-122
-92
-106
-128
-128
-72
-128
-128
-126
-122
-120
-128
-128
-90
-128
-128
-124
-108
-125
-128
-122
-102
-127
-127
-125
-118
-123
-128
-124
-104
-128
-128
-126
-116
-120
-128
-125
-102
-128
-128
-127
-109
-121
-128
-128
-94
-127
-123
-120
-121
-124
-128
-128
-101
-128
-122
-122
-128
-125
-128
-128
-105
-128
-113
-113
-128
-128
-128
-128
-101
-126
-112
-110
-116
-128
-125
-128
-106
-115
-128
-121
-108
-128
-128
-124
-99
-112
-128
-125
-114
-126
-128
-124
-101
-128
-128
-126
-121
-124
-128
-127
-104
-128
-128
-126
-99
-112
-128
-123
-99
-122
-128
-128
-86
-104
-128
-128
-70
-118
-128
-121
-106
-113
-128
-128
-75
-128
-127
-124
-108
-116
-128
-117
-104
-127
-128
-127
-108
-114
-128
-119
-104
-128
-127
-125
-112
-121
-128
-123
-104
-127
-128
-126
-114
-121
-128
-126
-98
-128
-126
-124
-122
-122
-128
-127
-102
-128
-127
-127
-125
-123
-128
-128
-104
-128
-125
-125
-125
-123
-128
-128
-105
-128
-119
-116
-125
-125
-128
-128
-103
-126
-120
-119
-119
-128
-128
-128
-103
-124
-127
-123
-121
-127
-128
-128
-101
-128
-128
-126
-123
-126
-128
-128
-103
-128
-127
-125
-123
-126
-128
-128
-104
-128
-128
-128
-89
-106
-128
-126
-81
-118
-128
-121
-91
-106
-128
-128
-70
-128
-103
-106
-114
-121
-128
-112
-113
-126
-128
-128
-109
-114
-128
-112
-108
-124
-128
-127
-111
-117
-128
-117
-105
-128
-128
-126
-115
-119
-128
-124
-103
-128
-128
-126
-120
-120
-128
-125
-106
-128
-128
-127
-122
-121
-128
-126
-105
-128
-128
-126
-122
-121
-128
-126
-105
-128
-128
-127
-123
-122
-128
-127
-104
-128
-123
-121
-124
-123
-128
-128
-104
-128
-128
-126
-123
-126
-128
-128
-100
-128
-127
-125
-124
-125
-128
-128
-101
-128
-127
-126
-127
-125
-128
-128
-103
-128
-127
-127
-100
-115
-128
-128
-98
-120
-128
-128
-89
-107
-128
-128
-70
-113
-97
-98
-128
-128
-128
-128
-88
-128
-102
-107
-115
-124
-124
-116
-111
-125
-128
-126
-109
-118
-128
-115
-110
-124
-128
-128
-112
-117
-128
-117
-106
-128
-128
-126
-115
-119
-128
-123
-107
-128
-128
-125
-118
-123
-128
-127
-105
-128
-126
-125
-121
-123
-128
-126
-106
-128
-128
-126
-123
-122
-128
-127
-106
-128
-128
-127
-121
-121
-128
-128
-103
-128
-128
-125
-122
-123
-128
-128
-102
-128
-128
-126
-124
-124
-128
-128
-101
-128
-127
-126
-128
-125
-128
-128
-103
-128
-126
-126
-121
-123
-128
-128
-106
-128
-128
-128
-87
-107
-128
-128
-72
-111
