31
31
31
31
32
32
32
32
32
32
32
32
32
32
32
32
32
31
31
31
30
30
30
30
30
30
30
30
30
31
31
31
31
31
31
32
31
31
31
31
31
32
32
32
32
32
32
31
31
31
31
31
31
31
30
30
31
31
30
30
30
30
30
30
32
32
32
32
32
32
32
32
32
32
32
32
32
32
32
32
32
32
31
31
31
31
31
31
31
31
31
31
31
31
31
31
32
32
32
32
32
32
32
32
32
32
32
32
32
32
32
32
32
32
31
31
31
31
31
31
31
30
30
30
30
30
30
30
32
32
32
32
32
32
33
33
33
33
33
33
32
32
32
33
32
32
32
32
31
31
31
31
31
31
31
32
32
32
31
31
32
32
32
32
32
32
32
33
33
32
33
33
32
32
32
32
32
32
32
32
32
32
32
32
31
31
31
31
31
31
30
30
32
32
33
33
33
33
33
33
33
33
33
33
33
33
33
33
33
33
33
33
32
32
32
32
32
32
32
32
32
32
32
32
33
33
33
33
33
33
33
33
33
33
33
33
33
33
32
32
32
32
32
32
32
32
32
32
32
32
32
31
31
31
31
31
33
33
33
33
33
33
34
34
34
34
34
34
34
34
34
34
33
33
33
33
32
32
32
32
33
33
33
33
33
32
32
33
33
33
34
34
34
34
33
33
33
33
34
34
33
33
33
33
33
33
33
32
33
32
33
33
33
33
33
32
32
31
31
31
33
33
34
34
34
34
34
34
34
34
34
34
34
34
34
34
34
34
34
34
34
33
33
33
34
34
34
34
34
34
34
34
34
34
34
34
34
34
34
34
34
34
34
34
33
33
33
33
33
33
33
33
33
33
33
33
33
33
33
33
33
33
32
32
34
34
34
34
34
34
35
35
35
35
35
35
35
35
35
35
34
34
34
34
34
34
34
34
34
34
34
34
34
34
34
34
34
34
34
34
34
34
34
34
34
34
34
34
34
33
33
33
33
33
33
33
34
34
34
34
33
34
33
33
33
33
33
33
34
34
34
34
35
35
35
35
35
35
36
35
35
35
35
35
35
34
34
35
35
34
34
34
35
35
35
35
35
35
35
35
35
35
35
35
35
35
35
35
35
35
35
34
34
34
34
34
34
34
34
34
34
34
34
34
34
34
34
34
34
34
34
33
34
35
35
35
35
35
36
36
36
36
36
36
36
35
35
35
35
35
35
35
35
35
35
35
35
35
35
35
35
35
35
35
35
35
35
35
35
35
35
35
35
35
35
35
35
34
34
34
34
34
34
34
34
34
35
34
34
35
35
34
34
34
34
34
35
36
35
36
36
36
36
36
36
36
36
36
36
36
36
36
36
36
35
35
35
35
35
35
35
35
35
35
35
36
36
36
36
36
36
36
36
36
36
35
35
35
35
35
35
35
35
35
35
35
35
35
35
35
35
35
35
35
35
35
35
35
34
34
36
35
35
35
36
36
36
36
36
37
37
36
36
36
36
36
36
36
36
36
36
36
35
36
36
36
36
36
36
36
36
36
36
36
36
36
36
36
36
36
36
35
35
35
35
35
35
35
35
35
35
35
35
35
35
35
35
35
35
35
35
35
35
35
36
36
35
35
36
36
37
37
37
37
37
37
37
36
36
36
36
36
36
36
36
36
36
36
36
36
36
36
36
36
36
36
36
36
36
36
36
36
36
36
36
36
36
36
35
35
35
35
35
35
35
35
35
36
36
36
35
35
35
35
35
35
35
35
36
36
36
36
36
36
37
37
37
37
37
37
37
37
37
37
37
37
36
36
36
36
36
36
36
36
36
37
37
37
36
36
36
36
36
36
36
36
36
36
36
36
36
36
36
36
36
36
36
36
36
36
36
36
36
36
36
36
35
36
35
35
35
35
36
36
37
37
37
37
37
37
37
37
37
37
37
37
37
38
37
37
37
37
37
36
36
36
36
36
36
36
37
37
37
37
37
37
37
37
37
37
37
36
36
36
36
36
36
36
36
36
36
36
36
36
36
36
36
36
36
36
36
36
36
36
36
36
36
37
37
37
37
37
37
37
38
38
37
37
38
32
21
18
26
38
37
37
37
37
37
37
37
37
37
37
37
37
37
37
37
37
37
37
37
37
37
37
37
36
37
37
37
37
36
36
36
36
37
37
37
37
37
37
37
36
37
37
36
36
36
36
37
37
37
37
37
37
37
37
37
37
38
39
16
-10
-10
-8
-7
15
39
37
37
37
37
37
37
37
37
37
37
37
37
37
37
37
37
37
37
37
37
37
37
37
37
37
37
37
37
37
37
37
37
37
38
38
38
38
38
38
37
37
37
37
37
37
37
37
37
37
37
37
37
37
38
38
38
20
-16
-15
-15
-12
-10
-9
27
38
38
38
39
39
38
38
37
37
38
37
38
35
26
21
25
36
37
38
37
37
37
37
37
37
37
37
37
37
37
37
37
37
38
38
39
38
38
37
38
37
37
37
37
37
37
37
37
37
37
37
38
38
38
39
32
-13
-17
-18
-17
-13
-12
-11
3
40
29
13
11
11
19
34
39
39
39
38
12
-9
-10
-10
-7
0
29
39
38
38
38
37
38
38
37
37
37
37
37
38
38
38
38
38
39
39
39
39
39
37
37
37
37
37
38
38
37
38
38
38
38
38
38
38
-2
-15
-17
-19
-18
-14
-10
-12
-9
11
-8
-8
-6
-3
0
2
22
40
40
15
-17
-15
-13
-12
-10
-8
-1
27
39
39
38
38
38
38
38
38
38
38
38
38
38
38
38
39
39
39
39
39
39
39
38
38
38
37
38
38
38
38
38
38
38
39
38
11
-11
-9
-11
-12
-9
-4
-4
-9
-14
-15
-16
-15
-13
-10
-8
-6
-3
14
37
-18
-19
-17
-15
-13
-12
-11
-8
0
30
38
38
38
38
38
38
38
38
38
38
38
38
38
38
39
40
40
39
40
39
39
39
39
39
39
39
39
38
38
38
39
39
28
3
-6
-4
-4
-4
-5
-3
-1
-5
-10
-17
-25
-23
-21
-17
-14
-13
-10
-6
-5
3
-25
-19
-17
-15
-13
-11
-9
-8
-6
5
39
39
39
39
39
39
39
39
39
39
39
39
39
39
39
39
40
40
40
40
40
40
40
40
40
38
39
38
39
36
19
4
-2
-1
-1
-2
-2
-3
-3
-2
-2
-7
-14
-24
-35
-28
-23
-20
-17
-15
-12
-8
-7
-29
-31
-19
-16
-15
-13
-10
-8
-5
-4
-1
33
40
39
39
39
39
39
39
39
39
40
39
39
39
40
40
40
41
40
40
40
40
40
40
40
39
38
38
16
-4
-7
-2
0
2
1
0
-2
-3
-4
-4
-4
-10
-19
-33
-43
-34
-27
-23
-20
-17
-13
-8
-7
-24
-38
-19
-16
-14
-13
-10
-7
-4
-3
1
25
40
39
39
40
40
40
40
40
40
40
40
40
41
41
41
41
41
41
41
40
40
40
40
40
40
39
6
-10
-13
-10
-5
0
3
3
1
-1
-4
-6
-6
-8
-14
-21
-42
-48
-38
-28
-25
-22
-18
-13
-8
-5
-19
-43
-20
-16
-15
-13
-11
-6
-3
-2
2
24
40
40
40
39
40
41
41
40
41
41
41
41
41
41
41
41
41
41
41
41
41
41
41
41
28
5
-16
-17
-17
-12
-5
0
3
2
1
-3
-7
-9
-9
-12
-18
-26
-36
-53
-41
-30
-25
-21
-17
-12
-7
-3
-14
-46
-23
-17
-15
-13
-10
-5
-2
-2
1
24
39
41
41
40
40
41
41
41
41
41
41
42
42
42
42
42
42
42
42
42
41
41
41
41
-9
-13
-21
-21
-19
-12
-4
1
3
1
-2
-6
-10
-12
-14
-18
-24
-31
-25
-49
-45
-31
-25
-21
-17
-12
-6
-1
-8
-43
-27
-17
-14
-12
-7
-3
-3
-6
-2
30
38
41
42
41
42
42
42
42
42
42
42
42
42
42
42
42
42
42
42
42
42
42
42
42
-13
-18
-25
-24
-20
-11
-3
1
2
0
-6
-11
-14
-17
-19
-22
-28
-34
-18
-28
-49
-34
-26
-21
-17
-12
-8
-1
-5
-41
-32
-17
-13
-12
-10
-6
-7
-11
-11
31
31
42
42
42
42
42
42
42
42
42
43
43
43
43
43
43
43
43
43
43
43
43
43
43
-17
-19
-25
-25
-20
-12
-4
0
1
-1
-6
-11
-20
-22
-24
-27
-34
-34
-17
-13
-45
-36
-26
-20
-17
-13
-9
-2
-4
-36
-37
-21
-18
-16
-14
-10
-11
-16
-16
13
20
37
42
42
42
42
42
42
43
43
43
43
43
43
43
43
43
43
43
43
43
43
43
43
-19
-19
-25
-24
-20
-12
-5
-1
0
-1
-6
-7
-16
-29
-29
-33
-40
-33
-15
-10
-28
-44
-27
-21
-17
-13
-10
-3
-4
-26
-44
-28
-24
-21
-20
-18
-21
-23
-22
5
8
25
41
42
43
42
42
43
43
43
43
44
44
44
44
43
44
44
44
43
44
44
44
44
-20
-20
-25
-25
-21
-12
-5
0
1
0
-5
-6
-9
-26
-47
-49
-43
-28
-15
-9
-16
-50
-30
-21
-16
-13
-9
-5
-4
-18
-51
-36
-30
-29
-28
-28
-31
-30
-27
-1
-18
-5
34
43
43
42
43
43
43
44
44
44
44
44
44
44
44
44
44
44
44
44
44
44
-20
-20
-25
-25
-20
-11
-4
0
2
0
-4
-6
-7
-11
-55
-53
-35
-22
-14
-8
-10
-39
-35
-22
-15
-13
-9
-6
-3
-10
-43
-48
-38
-35
-35
-34
-34
-33
-30
-5
-3
1
23
43
44
43
43
44
44
44
44
44
44
44
44
44
45
45
45
45
45
45
45
45
-20
-20
-24
-25
-20
-10
-3
1
3
1
-1
-3
-6
-12
-39
-43
-28
-19
-11
-7
-6
-20
-45
-24
-15
-13
-11
-8
-4
-8
-24
-53
-45
-41
-39
-40
-39
-38
-35
-7
-7
-10
3
32
42
45
44
44
45
45
45
45
45
45
45
45
45
45
45
46
46
46
46
45
-21
-21
-24
-25
-19
-10
-3
1
3
3
1
-1
-5
-10
-26
-36
-24
-16
-9
-5
-3
-10
-41
-28
-16
-13
-11
-8
-6
-8
-16
-45
-53
-46
-43
-42
-41
-39
-37
-15
-11
-9
-1
2
4
33
45
45
45
45
45
45
45
45
46
46
46
46
46
46
46
46
47
47
-21
-22
-24
-24
-19
-10
-4
2
3
4
3
1
-3
-8
-19
-33
-23
-14
-9
-4
-2
-6
-32
-37
-19
-13
-12
-10
-8
-9
-14
-31
-61
-49
-45
-44
-43
-42
-37
-22
-13
-15
-18
-18
-13
0
33
46
45
46
46
46
46
46
46
46
46
47
47
47
47
47
47
47
-23
-23
-24
-24
-19
-11
-4
1
4
4
4
2
-1
-7
-15
-34
-24
-13
-9
-3
0
-5
-25
-45
-21
-14
-12
-12
-11
-11
-14
-25
-59
-56
-50
-46
-43
-44
-38
-27
-27
-30
-19
-4
1
4
19
48
46
46
46
46
46
46
46
47
47
48
47
47
48
48
48
47
-24
-22
-24
-24
-20
-12
-3
1
5
5
5
4
2
-3
-11
-35
-28
-13
-9
-12
-12
-14
-27
-51
-28
-17
-14
-15
-17
-17
-20
-27
-50
-64
-53
-41
-35
-36
-39
-32
-29
-15
-5
1
2
3
6
42
47
47
47
47
47
47
47
47
47
48
47
48
48
48
48
48
-28
-25
-24
-24
-20
-11
-3
3
5
7
8
9
9
5
-2
-26
-35
-23
-24
-29
-30
-30
-41
-63
-41
-28
-23
-23
-26
-26
-26
-29
-43
-66
-51
-39
-33
-29
-35
-32
-20
-10
-3
2
3
4
3
17
47
47
48
48
49
49
49
49
49
49
49
49
49
49
48
48
-37
-35
-24
-25
-20
-12
-3
3
6
9
11
13
13
9
-3
-21
-54
-38
-40
-43
-45
-46
-56
-75
-54
-42
-33
-30
-31
-31
-29
-30
-39
-66
-52
-39
-33
-29
-34
-30
-18
-10
-3
2
4
5
5
5
31
49
49
48
49
49
49
49
49
50
50
50
49
49
49
49
-39
-41
-23
-24
-21
-12
-3
4
8
11
12
14
15
9
0
-2
-25
-57
-60
-60
-58
-59
-69
-94
-69
-55
-44
-38
-35
-33
-32
-32
-38
-66
-56
-43
-37
-34
-36
-27
-16
-8
-2
2
4
5
6
5
8
37
49
49
50
50
50
50
50
50
50
50
50
50
49
49
-37
-44
-25
-23
-19
-11
-2
4
8
10
12
14
14
12
13
12
-3
-31
-17
-19
-20
-27
-47
-83
-82
-69
-57
-46
-41
-38
-37
-37
-39
-61
-69
-55
-51
-47
-36
-26
-15
-7
-1
2
4
5
7
6
4
10
45
50
50
50
50
50
50
50
51
51
51
50
50
50
-36
-42
-27
-21
-17
-10
-3
2
5
8
9
11
12
12
11
12
-1
-14
6
4
4
5
3
0
-16
-46
-64
-56
-48
-42
-41
-42
-41
-56
-64
-57
-51
-41
-34
-21
-12
-7
-2
1
4
6
7
7
5
4
19
49
51
51
51
51
51
51
51
51
51
51
50
50
-35
-41
-28
-20
-15
-10
-5
-1
3
5
6
6
9
9
8
12
11
-2
17
15
11
11
11
9
7
4
-5
-38
-59
-45
-41
-40
-43
-45
-54
-48
-42
-38
-25
-14
-9
-7
-4
0
3
5
6
6
6
5
4
33
52
51
51
51
51
51
51
51
51
51
51
51
-35
-42
-30
-18
-14
-10
-5
-1
1
3
5
4
4
4
6
7
16
1
22
16
14
12
11
11
10
10
9
4
-18
-46
-42
-35
-41
-43
-50
-41
-37
-31
-22
-15
-11
-7
-3
1
4
5
5
6
5
5
4
9
47
52
52
52
52
52
52
52
52
51
51
51
-38
-46
-26
-17
-14
-10
-6
-1
0
1
3
2
3
3
-2
13
13
7
22
16
16
13
13
11
11
10
10
8
5
-8
-29
-37
-36
-45
-46
-40
-35
-31
-24
-15
-9
-5
-2
2
6
7
7
6
5
5
4
4
21
53
53
52
53
53
53
52
52
52
52
52
-31
-29
-20
-16
-14
-10
-5
-2
-1
0
1
2
1
-1
3
10
4
15
20
15
17
15
15
12
10
10
9
9
8
5
2
-19
-37
-51
-48
-42
-34
-27
-19
-10
-4
-3
-3
0
2
4
5
6
6
5
4
4
8
37
54
53
53
53
53
53
53
52
52
52
-29
-35
-21
-17
-14
-10
-5
-2
-1
1
2
2
2
1
4
7
-4
21
17
16
17
16
17
13
11
10
9
9
9
8
7
5
-17
-48
-39
-31
-23
-18
-14
-8
-3
-4
-3
-2
0
1
3
5
6
6
5
4
5
15
51
54
54
53
53
53
53
53
53
53
-38
-38
-22
-16
-13
-11
-5
-1
1
2
4
2
5
6
-1
7
-5
18
17
17
16
16
16
11
10
11
10
10
10
10
9
8
6
-7
-31
-28
-20
-13
-10
-6
-3
-2
-1
0
0
1
3
6
7
7
6
5
4
8
38
56
54
55
54
54
53
53
53
53
-20
-28
-21
-15
-13
-11
-5
-1
2
3
4
5
7
1
2
2
4
15
15
17
16
15
14
11
12
12
12
12
12
12
11
10
10
6
-3
-23
-19
-11
-8
-5
-4
-1
0
1
1
2
2
5
6
7
7
6
5
5
18
50
55
55
55
55
55
54
53
53
-25
-33
-33
-16
-15
-14
-10
-4
0
2
5
6
3
-1
7
-1
11
12
14
17
14
13
12
12
13
13
13
13
13
13
11
11
11
10
8
-5
-19
-15
-8
-3
-1
0
0
-1
-1
1
3
5
7
8
8
8
7
6
10
28
57
56
55
55
55
55
54
54
-26
-29
-36
-24
-23
-22
-18
-12
-7
-4
1
2
0
0
7
-5
12
11
12
13
12
11
9
10
12
13
13
13
13
13
11
12
12
12
11
8
0
-8
-10
-6
-3
0
3
4
5
3
3
6
8
9
9
9
9
7
7
14
49
56
55
55
55
55
55
54
-17
-26
-26
-30
-30
-29
-27
-22
-16
-10
-4
-1
-1
1
3
-1
8
10
11
12
11
11
10
11
12
12
12
13
13
13
12
12
10
12
13
11
7
1
-2
1
2
1
3
7
9
9
8
8
9
10
10
10
10
8
7
9
33
57
56
55
55
56
56
56
21
-28
-25
-24
-31
-34
-32
-29
-23
-16
-11
-7
-4
0
-5
3
6
8
9
9
9
9
10
11
10
10
11
12
9
11
10
8
9
12
13
13
11
8
0
2
9
10
6
6
9
11
11
11
10
11
11
11
11
9
8
7
22
52
57
56
55
56
56
56
46
-21
-22
-20
-23
-37
-36
-33
-29
-23
-18
-13
-8
-5
-6
2
3
7
7
7
5
7
9
10
8
9
9
8
6
10
9
5
8
12
13
13
12
11
7
2
5
10
12
11
10
11
12
14
14
13
12
12
12
10
8
7
12
40
57
57
56
56
57
57
53
18
-27
-23
-24
-32
-39
-35
-31
-27
-22
-17
-12
-9
-5
-2
2
5
5
4
4
6
9
8
5
8
5
6
8
12
8
5
9
10
10
11
10
11
10
9
6
7
12
13
12
12
13
13
14
14
13
12
12
10
8
7
11
31
57
58
57
57
57
57
54
51
-10
-29
-28
-29
-36
-37
-32
-28
-25
-21
-17
-14
-10
-6
-1
3
4
4
5
6
6
4
6
6
2
7
10
10
0
7
8
9
8
9
10
10
11
13
13
8
8
13
14
15
14
13
13
14
13
13
12
10
8
8
10
18
53
58
58
58
58
58
54
55
48
-19
-34
-30
-33
-39
-35
-30
-26
-23
-22
-18
-15
-11
-5
0
2
3
2
4
3
5
5
4
3
8
12
3
1
6
7
8
7
7
8
9
11
13
15
11
8
10
14
15
15
15
15
15
14
13
12
9
8
7
8
14
45
59
59
58
58
58
55
55
55
45
-13
-34
-31
-36
-39
-33
-29
-26
-25
-23
-20
-14
-9
-4
-1
0
-1
1
4
4
4
3
4
9
10
-3
5
5
5
7
6
6
7
8
12
14
14
13
10
10
11
14
16
16
16
16
14
13
11
9
8
7
7
13
34
59
59
59
59
59
55
55
56
56
52
3
-33
-33
-39
-38
-34
-30
-28
-26
-24
-19
-12
-8
-5
-3
-2
1
3
2
4
3
4
8
3
1
5
4
4
5
4
4
4
7
11
13
13
12
11
12
12
15
16
16
16
16
14
13
11
10
9
8
7
10
23
57
59
59
59
59
56
56
56
56
56
53
-17
-34
-38
-40
-38
-34
-31
-29
-26
-22
-16
-12
-10
-8
-5
-1
1
2
2
1
4
9
-1
4
4
3
4
5
4
3
4
6
10
13
12
11
13
15
16
17
18
18
17
16
15
13
11
10
9
9
8
8
14
47
60
60
60
60
57
57
57
57
57
56
45
-29
-39
-40
-40
-37
-34
-32
-29
-25
-19
-17
-14
-12
-8
-5
-1
1
1
-3
6
6
2
4
4
3
5
4
4
3
4
7
9
11
10
9
14
17
18
18
18
18
18
17
15
13
11
10
9
9
7
6
12
40
61
60
60
60
58
58
57
57
57
58
57
39
-34
-41
-42
-40
-37
-35
-33
-29
-24
-22
-19
-16
-12
-10
-6
-2
-2
-2
6
1
5
4
3
2
5
4
4
4
5
7
9
11
10
9
13
16
18
18
18
18
18
17
15
13
11
9
9
7
6
4
7
34
61
61
62
62
59
59
59
58
58
58
59
59
45
-24
-45
-42
-40
-39
-36
-32
-28
-26
-25
-20
-16
-14
-10
-8
-6
-1
1
-2
6
2
1
3
4
4
4
5
5
8
11
12
12
12
14
16
16
18
18
18
18
17
14
12
10
8
7
5
3
2
3
27
58
62
62
62
59
59
59
59
58
59
59
60
60
52
-13
-44
-42
-41
-39
-34
-30
-28
-28
-25
-19
-16
-13
-12
-8
-4
-4
-3
4
1
0
2
5
4
4
3
5
10
13
13
13
15
16
16
15
16
17
17
17
17
14
11
8
7
6
4
2
0
1
22
52
62
62
63
59
60
60
60
60
60
60
60
60
60
59
5
-44
-41
-41
-38
-33
-30
-29
-28
-24
-20
-16
-14
-9
-7
-7
-4
1
-1
0
1
3
4
3
3
5
11
14
14
15
16
16
15
15
15
15
15
15
15
12
8
6
5
4
2
0
-3
-2
19
48
63
62
63
