-128
-128
-128
-128
-128
-128
-128
-128
-128
-128
-128
-128
-128
-128
-128
-128
-128
-128
-128
-128
-128
-128
-128
-128
-128
-128
-128
-127
-128
-128
-128
-128
-128
-128
-128
-128
-128
-128
-128
-128
-128
-128
-128
-128
-128
-128
-128
-128
-128
-128
-128
-128
-128
-128
-128
-128
-128
-128
-128
-128
-128
-128
-128
-128
-128
-128
-128
-128
-128
-128
-128
-128
-128
-128
-128
-128
-128
-128
-126
-117
-116
-128
-128
-128
-123
-128
-128
-128
-128
-128
-128
-120
-109
-128
-128
-128
-128
-128
-128
-128
-128
-128
-128
-118
-121
-128
-128
-124
-128
-128
-128
-128
-127
-118
-128
-128
-128
-128
-124
-125
-128
-128
-128
-128
-125
-96
-110
-112
-122
-128
-123
-124
-128
-128
-128
-128
-128
-108
-89
-90
-104
-113
-117
-128
-127
-128
-127
-126
-127
-126
-126
-125
-125
-126
-125
-125
-126
-126
-126
-128
-128
-128
-128
-126
-125
-125
-125
-125
-126
-126
-117
-97
-97
-120
-128
-128
-128
-125
-124
-125
-128
-128
-128
-128
-122
-94
-99
-122
-128
-128
-127
-125
-128
-128
-128
-128
-128
-128
-109
-95
-111
-128
-128
-128
-128
-128
-128
-128
-128
-128
-128
-128
-109
-97
-114
-128
-127
-128
-128
-128
-128
-128
-128
-128
-128
-128
-115
-103
-126
-128
-128
-128
-128
-128
-128
-128
-128
-128
-128
-128
-90
-80
-81
-92
-102
-123
-128
-128
-128
-128
-128
-128
-128
-128
-128
-128
-128
-128
-128
-128
-128
-128
-128
-128
-128
-128
-128
-128
-128
-128
-128
-128
-128
-128
-128
-128
-128
-128
-128
-128
-128
-128
-128
-128
-128
-128
-128
-128
-128
-128
-128
-128
-128
-128
-128
-128
-128
-128
-128
-128
-128
-128
-128
-128
-127
-128
-128
-128
-128
-128
-128
-128
-128
-128
-128
-122
-115
-116
-127
-128
-128
-128
-128
-128
-128
-128
-122
-108
-114
-115
-112
-114
-128
-128
-128
-128
-128
-128
-128
-117
-105
-104
-113
-112
-110
-116
-128
-128
-128
-128
-128
-128
-127
-109
-104
-107
-111
-109
-109
-117
-128
-128
-128
-128
-128
-128
-114
-85
-80
-98
-113
-117
-125
-119
-121
-122
-121
-119
-114
-92
-82
-96
-103
-103
-111
-111
-116
-117
-113
-104
-102
-101
-106
-108
-111
-112
-109
-109
-107
-101
-101
-106
-117
-118
-118
-125
-118
-109
-128
-128
-128
-116
-104
-105
-114
-120
-125
-122
-105
-102
-128
-128
-128
-128
-114
-106
-113
-124
-128
-114
-105
-109
-123
-123
-123
-122
-121
-122
-122
-121
-121
-121
-121
-121
-123
-128
-128
-128
-113
-111
-119
-121
-121
-121
-121
-120
-124
-128
-128
-128
-127
-123
-111
-109
-119
-121
-121
-121
-123
-128
-128
-119
-112
-128
-124
-114
-108
-112
-120
-120
-124
-128
-128
-128
-124
-119
-111
-118
-119
-113
-104
-109
-123
-126
-128
-128
-128
-128
-122
-114
-118
-116
-115
-120
-124
-121
-121
-125
-128
-128
-128
-126
-90
-84
-103
-125
-128
-125
-123
-125
-125
-128
-128
-124
-108
-104
-105
-102
-128
-128
-128
-128
-128
-124
-128
-124
-127
-125
-125
-118
-116
-107
-121
-128
-126
-128
-128
-128
-128
-128
-128
-122
-128
-128
-128
-128
-128
-128
-128
-128
-128
-128
-127
-119
-118
-119
-128
-128
-128
-128
-128
-128
-128
-128
-128
-126
-128
-128
-128
-128
-128
-128
-128
-128
-128
-128
-128
-128
-128
-128
-128
-128
-128
-128
-128
-128
-128
-128
-128
-128
-128
-124
-128
-128
-128
-128
-128
-128
-128
-128
-128
-128
-128
-120
-122
-128
-128
-128
-128
-128
-128
-128
-128
-128
-128
-125
-117
-128
-128
-128
-128
-128
-128
-128
-128
-128
-128
-128
-128
-128
-126
-128
-128
-128
-128
-128
-128
-128
-128
-128
-128
-128
-128
-128
-128
-128
-128
-128
-128
-128
-128
-128
-128
-128
-128
-128
-128
-128
-128
-128
-128
-128
-128
-128
-128
-128
-128
-128
-128
-128
-128
-128
-128
-128
-128
-128
-128
-128
-128
-128
-128
-128
-128
-128
-128
-128
-128
-128
-128
-128
-128
-128
-128
-128
-128
-128
-128
-128
-128
-128
-128
-122
-128
-128
-128
-128
-128
-128
-128
-128
-128
-128
-128
-128
-128
-128
-128
-128
-128
-128
-128
-128
-128
-128
-128
-128
-128
-128
-128
-128
-128
-128
-128
-128
-128
-128
-128
-128
-128
-128
-128
-128
-128
-128
-128
-128
-128
-128
-128
-128
-128
-128
-128
-128
-128
-128
-128
-128
-128
-128
-128
-128
-128
-128
-128
-128
-128
-128
-128
-128
-128
-128
-128
-128
-128
-128
-128
-128
-128
-128
-128
-128
-128
-128
-128
-128
-128
-128
-128
-128
-128
-128
-128
-128
-128
-128
-128
-128
-128
-128
-128
-128
-128
-128
-128
-128
-128
-128
-128
-128
-128
-128
-128
-128
-128
-128
-128
-128
-128
-128
-128
-128
-128
-128
-128
-128
-128
-128
-128
-128
-128
-128
-128
-128
-128
-128
-128
-128
-128
-128
-128
-128
-128
-128
-128
-128
-128
-128
-128
-128
-128
-128
-128
-128
-128
-128
-128
-128
-128
-128
-128
-128
-128
-128
-128
-128
-128
-128
-128
-128
-128
-128
-128
-128
-128
-128
-128
-128
-128
-128
-128
-128
-128
-128
-128
-128
-128
-128
-128
-128
-128
-128
-128
-128
-128
-124
-128
-128
-128
-128
-128
-128
-128
-128
-128
-128
-128
-128
-122
-121
-128
-128
-128
-128
-128
-128
-128
-128
-128
-128
-123
-118
-118
-128
-128
-128
-128
-128
-128
-128
-128
-121
-103
-105
-122
-128
-128
-128
-128
-128
-128
-128
-127
-115
-109
-121
-128
-128
-128
-128
-128
-128
-128
-121
-118
-127
-128
-128
-128
-128
-127
-128
-128
-128
-128
-128
-128
-120
-128
-128
-128
-128
-121
-128
-128
-128
-128
-128
-123
-121
-128
-128
-128
-125
-128
-128
-128
-128
-128
-128
-128
-121
-124
-127
-128
-128
-128
-128
-123
-123
-123
-123
-123
-123
-123
-123
-123
-123
-123
-123
-124
-123
-121
-118
-114
-118
-122
-123
-123
-123
-123
-123
-124
-125
-126
-121
-102
-98
-107
-117
-122
-123
-123
-123
-122
-125
-126
-128
-127
-112
-100
-95
-108
-119
-123
-123
-122
-119
-117
-125
-128
-127
-120
-105
-98
-97
-108
-117
-123
-120
-115
-112
-117
-125
-128
-125
-116
-102
-92
-97
-121
-119
-116
-113
-110
-107
-114
-126
-128
-123
-112
-106
-115
-105
-103
-103
-101
-98
-102
-111
-121
-122
-126
-124
-118
-102
-95
-97
-103
-109
-110
-121
-125
-118
-110
-123
-128
-128
-128
-128
-128
-126
-126
-128
-118
-112
-117
-123
-119
-115
-115
-118
-128
-128
-128
-127
-122
-128
-128
-119
-115
-112
-110
-114
-125
-128
-128
-127
-128
-123
-123
-120
