-128
-128
-128
-128
-128
-128
-128
-127
-128
-128
-128
-128
-128
-128
-128
-128
-128
-128
-123
-128
-128
-117
-109
-128
-128
-128
-118
-118
-121
-124
-128
-128
-96
-89
-104
-117
-126
-126
-126
-125
-125
-125
-126
-97
-94
-99
-125
-124
-128
-128
-128
-95
-97
-114
-126
-128
-128
-128
-128
-103
-80
-81
-102
-128
-128
-128
-128
-128
-128
-128
-128
-128
-128
-128
-127
-128
-128
-128
-128
-108
-114
-112
-128
-128
-128
-117
-104
-104
-109
-109
-119
-121
-119
-85
-80
-103
-109
-101
-101
-101
-106
-109
-128
-116
-104
-113
-114
-102
-123
-122
-111
-119
-121
-120
-123
-119
-112
-109
-108
-120
-123
-128
-119
-111
-113
-104
-121
-121
-125
-124
-84
-102
-107
-121
-124
-124
-125
-118
-118
-128
-128
-128
-128
-119
-128
-128
-128
-128
-128
-128
-120
-122
-128
-128
-128
-128
-125
-117
-126
-128
-128
-128
-128
-128
-128
-128
-128
-128
-128
-128
-128
-128
-128
-128
-128
-122
-128
-128
-128
-128
-128
-128
-128
-128
-128
-128
-128
-128
-128
-128
-128
-128
-128
-128
-128
-128
-128
-128
-128
-128
-128
-128
-128
-128
-128
-128
-128
-128
-128
-128
-128
-128
-128
-128
-128
-128
-128
-128
-128
-128
-128
-128
-128
-128
-124
-128
-128
-128
-128
-128
-128
-118
-118
-128
-128
-128
-115
-103
-122
-128
-128
-121
-118
-128
-128
-121
-128
-128
-121
-124
-125
-128
-123
-118
-114
-122
-123
-123
-122
-121
-98
-95
-108
-123
-119
-112
-117
-105
-97
-92
-105
-103
-98
-102
-121
-106
-102
-95
-103
-110
-112
-110
-112
-110
-125
-127
-122
-119
