-128
-128
-128
-128
-128
-128
-128
-128
-128
-128
-128
-128
-128
-128
-128
-128
-128
-128
-128
-128
-128
-128
-128
-128
-128
-128
-128
-128
-128
-128
-128
-128
-127
-128
-128
-128
-128
-128
-128
-128
-128
-128
-128
-128
-128
-125
-111
-105
-123
-128
-128
-128
-128
-128
-128
-128
-128
-128
-128
-128
-128
-112
-109
-102
-122
-128
-128
-128
-128
-128
-128
-128
-128
-128
-128
-128
-126
-107
-106
-109
-127
-128
-128
-128
-128
-128
-128
-128
-127
-128
-128
-128
-117
-103
-98
-104
-125
-128
-128
-128
-128
-128
-128
-128
-127
-128
-128
-128
-108
-104
-99
-92
-127
-119
-119
-119
-120
-120
-123
-111
-102
-113
-126
-125
-121
-116
-123
-105
-103
-104
-103
-102
-105
-108
-116
-118
-117
-122
-128
-128
-128
-128
-128
-128
-128
-124
-121
-121
-117
-112
-112
-117
-120
-126
-126
-124
-125
-123
-126
-128
-127
-125
-127
-128
-128
-115
-118
-124
-128
-128
-128
-128
-127
-128
-128
-128
-127
-121
-117
-115
-112
-116
-128
-128
-128
-128
-128
-128
-128
-128
-123
-118
-116
-123
-123
-117
-128
-128
-128
-128
-128
-128
-128
-128
-128
-128
-128
-128
-128
-128
-128
-128
-128
-128
-128
-128
-128
-128
-128
-128
-128
-128
-128
-128
-128
-128
-128
-128
-127
-128
-128
-128
-128
-128
-128
-128
-128
-128
-128
-128
-128
-126
-113
-106
-123
-128
-128
-128
-128
-128
-128
-128
-128
-128
-128
-128
-127
-114
-108
-104
-122
-128
-128
-128
-128
-128
-128
-128
-128
-124
-123
-128
-125
-109
-104
-109
-127
-128
-128
-128
-128
-128
-128
-128
-122
-124
-128
-128
-120
-104
-101
-105
-126
-128
-128
-128
-128
-128
-128
-126
-122
-123
-128
-125
-112
-107
-105
-98
-128
-123
-122
-123
-124
-123
-126
-112
-100
-113
-123
-124
-120
-117
-123
-108
-106
-107
-107
-105
-108
-116
-120
-120
-117
-120
-124
-125
-128
-128
-127
-125
-128
-121
-121
-122
-115
-113
-111
-116
-119
-125
-118
-116
-118
-116
-121
-128
-122
-122
-122
-123
-127
-114
-117
-123
-128
-128
-128
-128
-119
-119
-127
-122
-123
-121
-117
-115
-111
-112
-128
-128
-128
-128
-128
-122
-121
-124
-125
-119
-117
-117
-119
-114
-128
-127
-127
-128
-128
-128
-128
-128
-128
-128
-128
-128
-128
-128
-128
-128
-128
-128
-128
-128
-128
-128
-128
-128
-128
-128
-128
-128
-128
-127
-127
-128
-128
-128
-128
-128
-127
-128
-128
-128
-128
-128
-128
-128
-123
-118
-122
-128
-128
-128
-128
-128
-127
-128
-128
-128
-128
-127
-120
-98
-92
-107
-124
-128
-128
-128
-127
-127
-128
-128
-128
-127
-125
-109
-92
-95
-99
-112
-122
-128
-128
-128
-128
-128
-128
-128
-128
-127
-117
-99
-91
-90
-110
-121
-128
-128
-128
-128
-128
-128
-128
-128
-128
-122
-105
-91
-90
-112
-115
-128
-128
-128
-128
-128
-128
-128
-128
-128
-128
-125
-114
-115
-115
-120
-114
-115
-112
-114
-122
-127
-126
-127
-128
-125
-126
-128
-125
-114
-112
-114
-88
-82
-83
-85
-86
-107
-124
-122
-112
-111
-109
-122
-119
-119
-114
-109
-103
-101
-78
-78
-101
-105
-91
-92
-96
-114
-126
-120
-128
-128
-128
-127
-105
-85
-85
-99
-102
-112
-112
-109
-114
-122
-128
-128
-128
-128
-127
-111
-94
-93
-118
-113
-105
-101
-100
-107
-123
-123
-122
-122
-123
-122
-122
-122
-122
-121
-121
-121
-121
-121
-123
-123
-122
-122
-123
-122
-122
-122
-122
-121
-121
-121
-121
-121
-123
-122
-122
-122
-123
-122
-122
-122
-121
-121
-121
-121
-120
-120
-123
-122
-122
-111
-124
-126
-122
-122
-121
-121
-120
-121
-120
-120
-123
-122
-122
-103
-107
-124
-128
-127
-121
-121
-120
-120
-120
-120
-122
-122
-122
-116
-109
-110
-110
-125
-128
-121
-120
-120
-120
-119
-122
-122
-122
-122
-121
-111
-105
-110
-118
-128
-128
-121
-120
-119
-122
-122
-122
-122
-122
-121
-113
-108
-100
-121
-126
-128
-128
-128
-121
-122
-122
-122
-122
-121
-121
-117
-109
-123
-126
-123
-123
-127
-107
-117
-127
-128
-127
-128
-124
-117
-125
-128
-126
-122
-125
-125
-102
-112
-115
-113
-110
-118
-128
-126
-127
-128
-128
-128
-126
-124
-121
-122
-119
-116
-99
-99
-121
-118
-124
-126
-118
-128
-128
-125
-122
-122
-122
-122
-118
-102
-106
-116
-125
-127
-114
-125
-128
-127
-122
-122
-122
-122
-121
-113
-102
-105
-120
-120
-122
-128
-128
-128
-128
-128
-128
-128
-128
-128
-128
-128
-128
-128
-128
-128
-128
-128
-128
-128
-128
-128
-128
-128
-128
-128
-128
-128
-128
-128
-128
-128
-128
-128
-128
-128
-128
-128
-128
-128
-128
-128
-128
-128
-128
-128
-128
-128
-128
-128
-128
-128
-128
-128
-128
-128
-128
-128
-128
-128
-128
-128
-128
-128
-128
-128
-128
-128
-128
-128
-128
-128
-128
-128
-128
-128
-128
-128
-128
-128
-128
-128
-128
-128
-128
-128
-128
-128
-128
-128
-128
-128
-128
-128
-128
-128
-128
-128
-128
-128
-128
-128
-128
-128
-128
-128
-128
-128
-128
-128
-128
-128
-128
-128
-126
-127
-128
-128
-128
-128
-128
-128
-128
-128
-128
-128
-128
-128
-128
-125
-128
-128
-128
-128
-128
-128
-127
-128
-127
-128
-128
-128
-128
-128
-128
-128
-128
-128
-128
-128
-128
-128
-123
-114
-116
-128
-128
-128
-128
-128
-128
-128
-128
-128
-128
-124
-114
-114
-122
-114
-128
-128
-128
-128
-128
-128
-128
-128
-128
-128
-128
-128
-128
-114
-114
-128
-128
-128
-128
-128
-128
-128
-128
-128
-128
-120
-115
-117
-116
-118
-128
-128
-128
-128
-128
-128
-128
-128
-128
-128
-128
-128
-128
-128
-128
-128
-128
-128
-128
-128
-128
-128
-128
-128
-128
-128
-128
-128
-128
-128
-128
-128
-128
-128
-128
-128
-128
-128
-128
-128
-128
-128
-128
-128
-128
-118
-117
-126
-128
-128
-128
-128
-128
-128
-128
-128
-128
-128
-128
-117
-116
-122
-127
-126
-128
-128
-128
-128
-128
-128
-128
-128
-128
-128
-123
-119
-114
-123
-128
-128
-128
-128
-128
-128
-128
-128
-128
-128
-128
-128
-118
-117
-116
-127
-128
-128
-128
-128
-128
-128
-128
-128
-128
-128
-127
-127
-105
-111
-118
-128
-126
-124
-127
-125
-128
-128
-128
-128
-128
-116
-101
-111
-121
-118
-115
-117
-113
-116
-123
-125
-124
-123
-122
-112
-116
-124
-123
-118
-116
-118
-117
-121
-128
-124
-113
-107
-121
-117
-114
-111
-117
-124
-121
-118
-125
-125
-125
-125
-120
-109
-116
-109
-110
-112
-109
-105
-124
-121
-128
-128
-128
-128
-128
-108
-107
-108
-116
-116
-101
-103
-120
-123
-128
-128
-128
-128
-128
-128
-114
-108
-116
-110
-103
-110
-114
-119
-101
-100
-101
-101
-100
-99
-99
-98
-97
-96
-96
-95
-95
-94
-101
-101
-101
-101
-100
-99
-98
-98
-97
-96
-96
-95
-94
-94
-101
-100
-101
-100
-99
-99
-98
-97
-96
-96
-95
-94
-93
-92
-100
-100
-98
-102
-106
-99
-97
-96
-96
-95
-94
-93
-93
-92
-100
-99
-96
-89
-93
-100
-103
-97
-95
-94
-93
-93
-92
-91
-100
-99
-99
-88
-84
-86
-103
-104
-95
-94
-93
-92
-91
-90
-100
-99
-99
-99
-92
-84
-82
-91
-103
-107
-97
-92
-91
-90
-99
-99
-99
-98
-97
-97
-82
-80
-90
-108
-107
-108
-109
-104
-100
-99
-99
-99
-97
-96
-96
-96
-97
-109
-108
-113
-115
-114
-103
-115
-114
-113
-117
-116
-114
-120
-116
-112
-113
-108
-108
-113
-84
-81
-80
-83
-92
-116
-116
-119
-121
-124
-117
-109
-109
-113
-92
-87
-79
-76
-78
-83
-103
-111
-106
-100
-100
-115
-116
-115
-99
-98
-98
-97
-87
-82
-94
-104
-103
-104
-110
-119
-117
-115
-99
-98
-98
-97
-97
-84
-82
-100
-110
-120
-116
-111
-108
-106
-128
-128
-128
-128
-128
-128
-128
-128
-128
-128
-128
-128
-128
-128
-128
-128
-128
-128
-128
-128
-128
-128
-128
-128
-128
-128
-128
-128
-128
-128
-128
-128
-128
-128
-128
-128
-128
-128
-128
-128
-128
-128
-128
-128
-128
-128
-128
-128
-128
-128
-128
-128
-128
-128
-128
-128
-128
-128
-128
-126
-120
-124
-128
-128
-128
-128
-128
-128
-128
-128
-128
-128
-128
-128
-128
-123
-125
-124
-128
-128
-128
-128
-128
-128
-128
-128
-128
-128
-128
-128
-121
-122
-128
-128
-128
-128
-128
-128
-128
-128
-128
-128
-128
-128
-128
-128
-125
-124
-126
-128
-128
-128
-128
-128
-128
-128
-128
-128
-128
-128
-128
-126
-127
-126
-121
-121
-128
-116
-119
-122
-124
-124
-126
-127
-124
-128
-128
-121
-119
-124
-116
-99
-99
-104
-110
-124
-125
-127
-113
-103
-102
-120
-128
-128
-128
-128
-128
-128
-114
-106
-109
-111
-102
-93
-95
-118
-122
-128
-128
-128
-128
-128
-128
-128
-122
-123
-118
-127
-127
-114
-112
-122
-128
-128
-128
-128
-128
-128
-128
-128
-128
-113
-104
-106
-107
-109
