-11995
-11927
-12095
-12301
-12166
-12211
-12202
-12083
-12100
-12113
-12150
-12247
-12260
-12299
-12319
-12381
-12384
-12422
-12536
-12544
-12571
-12585
-12589
-12623
-12659
-12672
-12830
-12886
-12878
-11980
-11858
-12049
-11970
-11948
-12105
-12064
-12018
-12028
-12085
-12192
-12343
-12277
-12304
-12314
-12312
-12354
-12599
-12572
-12646
-12571
-12520
-12658
-12611
-12672
-12821
-12884
-12830
-12808
-11956
-11931
-11858
-11904
-11975
-12129
-12064
-12018
-11975
-12013
-12086
-12238
-12270
-12256
-12280
-12253
-12236
-12427
-12314
-12435
-12582
-12613
-12551
-12578
-12690
-12805
-12800
-12838
-12841
-11893
-11867
-11969
-11861
-11923
-12070
-12138
-12050
-12055
-12140
-12067
-12189
-12265
-12386
-12375
-12446
-12425
-12453
-12417
-12417
-12504
-12545
-12558
-12640
-12652
-12742
-12832
-12707
-12898
-11965
-11919
-12073
-12081
-12149
-12143
-12127
-12122
-12193
-12267
-12249
-12309
-12303
-12310
-12577
-12583
-12493
-12665
-12666
-12625
-12634
-12573
-12642
-12754
-12951
-12956
-12929
-13019
-13110
-11945
-12051
-12210
-12200
-12158
-12051
-11763
-11931
-11872
-11174
-12114
-12336
-12310
-12441
-12613
-12549
-12822
-12901
-12816
-12849
-12724
-12767
-12801
-12754
-12817
-12940
-13120
-13115
-13096
-11915
-12292
-12166
-12298
-12287
-12010
-11586
-9911
-6119
-5708
-9407
-10321
-11887
-12351
-12466
-12530
-12548
-12500
-12618
-12703
-12792
-13001
-12849
-12838
-12823
-12963
-12990
-12979
-13046
-12093
-12326
-11997
-12075
-11971
-12421
-12295
-10411
-6697
-3951
-1127
-3993
-9278
-11124
-12327
-12554
-12604
-12714
-12697
-12824
-13001
-12911
-12908
-12969
-13018
-13158
-13017
-13105
-13189
-12246
-12136
-12137
-12169
-12107
-12503
-14233
-16011
-14653
-12117
-6883
-4328
-2700
-4750
-9218
-10096
-11976
-12624
-12740
-12866
-12876
-13164
-13275
-13226
-13086
-12965
-13157
-13334
-13237
-12246
-12060
-12350
-12353
-12633
-12247
-13458
-16837
-19266
-18276
-15277
-11795
-6963
-3027
118
-2858
-8668
-11395
-12574
-12930
-12731
-12937
-12986
-12980
-12984
-13128
-13234
-13161
-13286
-12066
-12167
-12085
-12194
-12195
-12390
-11772
-12273
-15359
-18462
-19300
-16507
-13629
-10480
-5633
-1953
-1856
-6508
-10581
-12293
-12846
-13008
-13123
-13034
-13214
-13336
-13326
-13405
-13286
-12232
-12204
-12209
-12188
-12191
-12313
-12314
-11520
-11217
-13290
-17237
-18741
-17063
-15316
-13216
-9995
-5414
-1624
-2938
-8938
-10824
-12652
-12805
-12989
-13226
-13126
-13171
-13287
-13247
-12215
-12071
-12214
-12252
-12344
-12229
-12297
-12290
-11750
-10868
-11622
-14943
-18947
-18781
-16116
-15163
-11576
-6615
-1675
-86
-3340
-9134
-10306
-12099
-12897
-12937
-12988
-13094
-13388
-12153
-12115
-12137
-12187
-12243
-12220
-12296
-12196
-12293
-12395
-11715
-11781
-14106
-18598
-20067
-16888
-15143
-11653
-7968
-3179
-875
2057
-770
-6441
-9871
-10057
-11799
-12030
-12673
-12042
-12159
-12324
-12403
-12301
-12323
-12333
-12290
-12318
-12308
-12460
-11980
-11151
-12729
-16354
-19388
-17508
-14769
-13038
-11476
-8221
-2554
-1727
-610
1558
-334
-1953
-3466
-6787
-12100
-12064
-12010
-12212
-12173
-12229
-12249
-12291
-12331
-12407
-12472
-12588
-12665
-11643
-11702
-14210
-18609
-19373
-14957
-11668
-10356
-11462
-10274
-6017
-2071
-131
3477
4765
5886
-12238
-12138
-12204
-12292
-12253
-12230
-12234
-12254
-12141
-12201
-12332
-12491
-12584
-12201
-10847
-9303
-9738
-12279
-10651
-8756
-10633
-12373
-10465
-9974
-9395
-8072
-7437
-6099
-2285
-11418
-10790
-9062
-7503
-7224
-7288
-7417
-7675
-7832
-7670
-7875
-8563
-9113
-9159
-8694
-3654
401
335
-4761
-10960
-11697
-10867
-10098
-10161
-10091
-11807
-11988
-11879
-11000
-11499
-9095
-3337
-956
-226
-458
-846
-1273
-882
-449
265
384
-1166
-3221
-2680
-3036
-6183
-8436
-8993
-9624
-8894
-9355
-10228
-10834
-11295
-12125
-11481
-11387
-10882
-12669
-11998
-11070
-10448
-9719
-9526
-9411
-9249
-8645
-7435
-5997
-4758
-3604
-5421
-6939
-9149
-9184
-8834
-7999
-6952
-6564
-7044
-8606
-11732
-13085
-12164
-11644
-11713
-10733
-14844
-17581
-18651
-18549
-17495
-16202
-14898
-14299
-14422
-13874
-12176
-9538
-8359
-8709
-9156
-9510
-8358
-6919
-5467
-4250
-4264
-4301
-6751
-9598
-9992
-10514
-11048
-11072
-10900
-13597
-16852
-19292
-20752
-22016
-23153
-22661
-22037
-21027
-17689
-13352
-9498
-9342
-9060
-8985
-8268
-7417
-6297
-5924
-6199
-6203
-6343
-8386
-6634
-7755
-9874
-10357
-11095
-11349
-11715
-10302
-9746
-9981
-10804
-12461
-14845
-16866
-19310
-21138
-20311
-16976
-12819
-10794
-10646
-10217
-10915
-12149
-13320
-13586
-14619
-13505
-9198
-5618
-8010
-8972
-9667
-10738
-11010
-11969
-12127
-12234
-12039
-11440
-9997
-9107
-9010
-10706
-15066
-21856
-23367
-19656
-16106
-16143
-16037
-13813
-12976
-13195
-14118
-16303
-13872
-7761
-6383
-6944
-9266
-9813
-10600
-11218
-12004
-12241
-12212
-11995
-12141
-12152
-12195
-12274
-11406
-11179
-12770
-13092
-13819
-13842
-12726
-11263
-12636
-14723
-14258
-12271
-10013
-8914
-7018
-5591
-5134
-6808
-8923
-10270
-10835
-12100
-12122
-12079
-12117
-12198
-12106
-12165
-12321
-12340
-11878
-13088
-16154
-18033
-15534
-13208
-12882
-13609
-10783
-9404
-8067
-6499
-6961
-7593
-7678
-6135
-4306
-5971
-8088
-9897
-12066
-12098
-12065
-12235
-12203
-12199
-12228
-12295
-12325
-12273
-11668
-13174
-17236
-20553
-18423
-13079
-10721
-9997
-8630
-7124
-6184
-7453
-9247
-10976
-9996
-9305
-7232
-6634
-7586
-12228
-12173
-12130
-12235
-12203
-12199
-12228
-12340
-12278
-12296
-12351
-11376
-11659
-12981
-13060
-13590
-11094
-9010
-8462
-6961
-9398
-11644
-12174
-12774
-11917
-11470
-10575
-10538
-9773
-12379
-12227
-12178
-12235
-12203
-12199
-12228
-12374
-12341
-12399
-12279
-12224
-12277
-14723
-18939
-20377
-16503
-13742
-11382
-10683
-12117
-12340
-12674
-14012
-13587
-12763
-11377
-10854
-11341
-59361
-59228
-59374
-59808
-59579
-59583
-59511
-59391
-59361
-59397
-59489
-59445
-59520
-59557
-59554
-59625
-59646
-59538
-59637
-59802
-59747
-59762
-59733
-59844
-59841
-59897
-59923
-60036
-59995
-59374
-59166
-59286
-59313
-59274
-59432
-59417
-59335
-59310
-59458
-59444
-59649
-59509
-59555
-59581
-59671
-59550
-59767
-59815
-59880
-59776
-59727
-59809
-59805
-59897
-59938
-59980
-59905
-59961
-59379
-59191
-59322
-59273
-59321
-59473
-59417
-59335
-59258
-59333
-59420
-59456
-59546
-59531
-59629
-59518
-59456
-59608
-59641
-59700
-59760
-59774
-59793
-59850
-59852
-59946
-59897
-60026
-60012
-59251
-59317
-59265
-59241
-59226
-59467
-59422
-59354
-59313
-59438
-59318
-59475
-59468
-59641
-59707
-59691
-59622
-59603
-59722
-59683
-59706
-59717
-59753
-59813
-59813
-59847
-59953
-59918
-59967
-59277
-59366
-59503
-59482
-59500
-59394
-59447
-59267
-59514
-59545
-59580
-59572
-59542
-59600
-59800
-59701
-59583
-59741
-59851
-59818
-59771
-59843
-59806
-59903
-59967
-60033
-60094
-60099
-60064
-59202
-59406
-59459
-59377
-59471
-59318
-59154
-60189
-59588
-58796
-59325
-59574
-59649
-59647
-59746
-59760
-59989
-60092
-60039
-59989
-59863
-59944
-59967
-59822
-59979
-60080
-60215
-60191
-60263
-59293
-59574
-59449
-59645
-59573
-59323
-60002
-58305
-54089
-53996
-57411
-58458
-59183
-59530
-59584
-59631
-59673
-59614
-59736
-59822
-59939
-60190
-59863
-59897
-59960
-60023
-60019
-60109
-59980
-59313
-59651
-59281
-59380
-59210
-59749
-59428
-59054
-55860
-52570
-49124
-51387
-57279
-58940
-59656
-59844
-59763
-59871
-59825
-60068
-59949
-59837
-59876
-60004
-60111
-60183
-60088
-60099
-60171
-59541
-59354
-59384
-59370
-59238
-59880
-60471
-61154
-60163
-58843
-55287
-53055
-50350
-53033
-57289
-58194
-59216
-59884
-59861
-59879
-60002
-60209
-60435
-60310
-60106
-60111
-60174
-60384
-60195
-59444
-59346
-59629
-59761
-59816
-59758
-60475
-61877
-63473
-62367
-60060
-58526
-55784
-51764
-48524
-49700
-56551
-59241
-59658
-59960
-59785
-59839
-59888
-59972
-60093
-60010
-60107
-60150
-60270
-59407
-59373
-59487
-59423
-59480
-59177
-57928
-58259
-60903
-62003
-63337
-61441
-59474
-57972
-54539
-50705
-48502
-54263
-58801
-59567
-59876
-60116
-60200
-60164
-60152
-60246
-60253
-60481
-60229
-59530
-59540
-59417
-59516
-59399
-59572
-59130
-57570
-56959
-58877
-62232
-63281
-62211
-60683
-58530
-56287
-54064
-49520
-50727
-56694
-58705
-59766
-59920
-59975
-60208
-60089
-60245
-60191
-60173
-59553
-59463
-59635
-59610
-59620
-59473
-59585
-59318
-58268
-56496
-57569
-60820
-62795
-62835
-61231
-60119
-57598
-55689
-50794
-48544
-51912
-57537
-58531
-59407
-59863
-60087
-60047
-60176
-60504
-59484
-59394
-59392
-59478
-59500
-59536
-59563
-59517
-59600
-59208
-58011
-57759
-60001
-62598
-63807
-62011
-60708
-57814
-55244
-52779
-49890
-47091
-48788
-55987
-58479
-58807
-59523
-59363
-59819
-59467
-59550
-59636
-59678
-59550
-59554
-59624
-59600
-59574
-59507
-59428
-58411
-56666
-58112
-61608
-63360
-62401
-60449
-59127
-58002
-56027
-51919
-51170
-49847
-48686
-50130
-51985
-52650
-55006
-59448
-59391
-59310
-59532
-59471
-59528
-59525
-59629
-59704
-59521
-59753
-59781
-59205
-57307
-57160
-60558
-63316
-65094
-61636
-58388
-57094
-57656
-57971
-56098
-53129
-51400
-47538
-45643
-44250
-59537
-59499
-59463
-59587
-59526
-59562
-59538
-59550
-59421
-59439
-59622
-59676
-59749
-59164
-59285
-58439
-57832
-59626
-57702
-55782
-56865
-59060
-57954
-57328
-56622
-55796
-55098
-54131
-51543
-59892
-60803
-58575
-57264
-56916
-56784
-57041
-57390
-57453
-57377
-57254
-57455
-58225
-59996
-57725
-51941
-46669
-47434
-52485
-57996
-58748
-58268
-58032
-57575
-57221
-58481
-58515
-58301
-57290
-59672
-57224
-52399
-50085
-49115
-49262
-49761
-50310
-50160
-49886
-48941
-48662
-49996
-52039
-53801
-53966
-55452
-56332
-56532
-57104
-56900
-57452
-57184
-57578
-57676
-58267
-57990
-58239
-58083
-59513
-59965
-58592
-58078
-57593
-57578
-57728
-57880
-57396
-56617
-55468
-54601
-53853
-56235
-56505
-57283
-56702
-56735
-56553
-55775
-55329
-54454
-55662
-58440
-59414
-59104
-58751
-58720
-58273
-60749
-61382
-61739
-61209
-59907
-58691
-58157
-58447
-60294
-61031
-59389
-56357
-56046
-57055
-57290
-57625
-57153
-56115
-54498
-53984
-53156
-51511
-53890
-56776
-57138
-57517
-58026
-58440
-58570
-60048
-62792
-65119
-66758
-67409
-67675
-66618
-65211
-64654
-62699
-59582
-56791
-56849
-57164
-57537
-56683
-54573
-53604
-53327
-52674
-52803
-52494
-54137
-54423
-55144
-57511
-58075
-58561
-58745
-57322
-54702
-53826
-53973
-54731
-56727
-59544
-62188
-64299
-63821
-63326
-60729
-57968
-56717
-56681
-56527
-57751
-58081
-57703
-57632
-59037
-60263
-55566
-52933
-55840
-56742
-57152
-58204
-58549
-59272
-59400
-59485
-59000
-57871
-55819
-54397
-54010
-56312
-60683
-67212
-69386
-65438
-62549
-62840
-60958
-58663
-56764
-56890
-57770
-61346
-60604
-55560
-52723
-54483
-57235
-57393
-58156
-58237
-59367
-59524
-59463
-59396
-59557
-59595
-59517
-59202
-57496
-55075
-55368
-56114
-58733
-59415
-57413
-56643
-58014
-60218
-59799
-58011
-57679
-56695
-53551
-53178
-52222
-54050
-57109
-57890
-58023
-59471
-59441
-59408
-59481
-59548
-59435
-59446
-59586
-59531
-59085
-60253
-60176
-61243
-60107
-58909
-58278
-59451
-56975
-56109
-55998
-55867
-54489
-54200
-53628
-52935
-51651
-52193
-56133
-57788
-59462
-59444
-59338
-59589
-59549
-59588
-59513
-59617
-59562
-59217
-58217
-59495
-63800
-66803
-64315
-59378
-58076
-58289
-58003
-55278
-54072
-54719
-54482
-55978
-55392
-55528
-55046
-53016
-54308
-59552
-59471
-59394
-59589
-59549
-59588
-59513
-59585
-59604
-59598
-58876
-56755
-56197
-56553
-57410
-59677
-58318
-58739
-56145
-55464
-56070
-56602
-56919
-57218
-56328
-56251
-55892
-56889
-56397
-59695
-59557
-59430
-59589
-59549
-59588
-59513
-59638
-59583
-59724
-59595
-59443
-59679
-61438
-62280
-64102
-61567
-59900
-57686
-56247
-56844
-56530
-57328
-58561
-58758
-57565
-56350
-56140
-57711
-140304
-140226
-140087
-140125
-140288
-140284
-140268
-140281
-140334
-140297
-140339
-140337
-140313
-140365
-140401
-140404
-140451
-140288
-140312
-140342
-140371
-140379
-140515
-140556
-140526
-140540
-140457
-140432
-140368
-140318
-140306
-140309
-140233
-140099
-140253
-140267
-140284
-140361
-140363
-140356
-140351
-140366
-140436
-140498
-140484
-140495
-140433
-140438
-140513
-140496
-140466
-140559
-140537
-140540
-140520
-140460
-140434
-140489
-140340
-140438
-140494
-140379
-140290
-140264
-140267
-140284
-140360
-140418
-140405
-140373
-140375
-140426
-140443
-140452
-140481
-140459
-140434
-140466
-140525
-140526
-140583
-140591
-140596
-140582
-140635
-140648
-140638
-140322
-140304
-140361
-140342
-140291
-140250
-140246
-140257
-140322
-140384
-140421
-140434
-140429
-140416
-140404
-140396
-140396
-140534
-140491
-140532
-140509
-140573
-140536
-140540
-140544
-140563
-140597
-140613
-140625
-140337
-140261
-140277
-140239
-140311
-140290
-140269
-140206
-140211
-140285
-140389
-140394
-140389
-140422
-140385
-140184
-140071
-140221
-140395
-140500
-140472
-140500
-140546
-140559
-140511
-140528
-140551
-140439
-140455
-140207
-140189
-140023
-140070
-140175
-140092
-140388
-141507
-141986
-141425
-140584
-140409
-140411
-140464
-140427
-140293
-140315
-140373
-140458
-140464
-140441
-140444
-140511
-140560
-140576
-140614
-140588
-140512
-140523
-140234
-140261
-140199
-140260
-140283
-139734
-140029
-141273
-142504
-143184
-142730
-141806
-140837
-140334
-140303
-140320
-140272
-140239
-140237
-140352
-140407
-140476
-140491
-140507
-140570
-140622
-140624
-140522
-140514
-140258
-140254
-140176
-140208
-140149
-138796
-137423
-137136
-138486
-140485
-141574
-142293
-141698
-140950
-140594
-140517
-140522
-140461
-140405
-140307
-140153
-140086
-140212
-140475
-140619
-140596
-140618
-140617
-140511
-140176
-140152
-140055
-139960
-140095
-137829
-134355
-131325
-132739
-135763
-137751
-139781
-142084
-143300
-143127
-142080
-141088
-140513
-140440
-140316
-140114
-140228
-140340
-140547
-140596
-140597
-140613
-140609
-140456
-140349
-140225
-140170
-140127
-140291
-138730
-135270
-131075
-129169
-130902
-133729
-136463
-139009
-140902
-142288
-142605
-141685
-140769
-140661
-140424
-140125
-139962
-140116
-140350
-140466
-140354
-140355
-140463
-140533
-140284
-140275
-140210
-140028
-140101
-139390
-137565
-134566
-130975
-129249
-130062
-132675
-135528
-137569
-138235
-139544
-141864
-142185
-141784
-141055
-140479
-140412
-140428
-140563
-140415
-140260
-140362
-140598
-140531
-140321
-140340
-140368
-140345
-140310
-140314
-139473
-137872
-135498
-133336
-131017
-130301
-131538
-133553
-135373
-136321
-138531
-141909
-143414
-142501
-141345
-140552
-140423
-140540
-140395
-140248
-140227
-140255
-140274
-140422
-140420
-140432
-140380
-140371
-140377
-140418
-140058
-138588
-136863
-134401
-131358
-129005
-129444
-131658
-134475
-136651
-138854
-141970
-143925
-144532
-144053
-142944
-141576
-140763
-140625
-140565
-140659
-140680
-140385
-140349
-140323
-140319
-140305
-140374
-140426
-140468
-140458
-139785
-138153
-135649
-131946
-128893
-128717
-131633
-134891
-137426
-138205
-140041
-142803
-144393
-144638
-144557
-144370
-144164
-142849
-141721
-140859
-140447
-140409
-140395
-140387
-140377
-140408
-140438
-140417
-140449
-140454
-140005
-138376
-135950
-133320
-130376
-128865
-130710
-132944
-135383
-137581
-139028
-139918
-141788
-143560
-144822
-146187
-146910
-146584
-144798
-140424
-140412
-140412
-140385
-140405
-140465
-140501
-140511
-140479
-140497
-140451
-140363
-139156
-137446
-134779
-130662
-128638
-132332
-135958
-137213
-136285
-138051
-140641
-141286
-141265
-142371
-142852
-143498
-143974
-140418
-140387
-140366
-140347
-140367
-140436
-140515
-140574
-140573
-140589
-140563
-140532
-140492
-140344
-140317
-139298
-137912
-136593
-136418
-136533
-136360
-138035
-138888
-138934
-137860
-137030
-137704
-139182
-140075
-141615
-143249
-144849
-145225
-145094
-144996
-144846
-144883
-144981
-145178
-145204
-144933
-144820
-144780
-144680
-141830
-138206
-135969
-136580
-138813
-138891
-138561
-138559
-137812
-136731
-136101
-136303
-137048
-137923
-140580
-141148
-141676
-141432
-141304
-141178
-141283
-141671
-142336
-142944
-143178
-143460
-144106
-143595
-142275
-140828
-140596
-140371
-140170
-140547
-140470
-139345
-137621
-135852
-135282
-135546
-135976
-136798
-137229
-136520
-135397
-136006
-137250
-138408
-139346
-139857
-139850
-139763
-139621
-140069
-141023
-142038
-141924
-140517
-139469
-139678
-140984
-141991
-142541
-142294
-140619
-137751
-136307
-136535
-136833
-136973
-137474
-137548
-132671
-128109
-126805
-126305
-126489
-127384
-128661
-129995
-132474
-135737
-138214
-138973
-138960
-139236
-139343
-139537
-140470
-141736
-142157
-141641
-141303
-140124
-139054
-138344
-137941
-137578
-137551
-137650
-137351
-136114
-134110
-133352
-132575
-130587
-128934
-127868
-127269
-127606
-130469
-133826
-136985
-138964
-139413
-139377
-138368
-136860
-135422
-135364
-135129
-134397
-136598
-139921
-140446
-139441
-139203
-138197
-137714
-137380
-137705
-136119
-135301
-134546
-133532
-132715
-132799
-131941
-128624
-125043
-125148
-128812
-132071
-133338
-133693
-133251
-133839
-133714
-132916
-130757
-130482
-133449
-138332
-140564
-140468
-139700
-138696
-137971
-137391
-140255
-140311
-140397
-139879
-138503
-136769
-135492
-134592
-132925
-129459
-128027
-130974
-133109
-133438
-133806
-133370
-131750
-129133
-129433
-130379
-132144
-133558
-135933
-139851
-140958
-140266
-139351
-138304
-137367
-140519
-140549
-140596
-140580
-140628
-140579
-140557
-139859
-137531
-133154
-128980
-127302
-130073
-132573
-132415
-131343
-132331
-133684
-135325
-135970
-136469
-135451
-135030
-137203
-140038
-140823
-139976
-138796
-137678
-140573
-140477
-140521
-140570
-140602
-140547
-140533
-140523
-140471
-138613
-134428
-129769
-127248
-128901
-131283
-133641
-135596
-136094
-137363
-138810
-138912
-136717
-134334
-134512
-135956
-137126
-138565
-139165
-138804
-140512
-140434
-140484
-140568
-140591
-140559
-140563
-140533
-140602
-139845
-137633
-135113
-132180
-132763
-135148
-137038
-137850
-138829
-140040
-139103
-136601
-134251
-133140
-132955
-134059
-134686
-135260
-136423
-136756
-140438
-140405
-140481
-140568
-140591
-140559
-140563
-140495
-140552
-140631
-139536
-137875
-133325
-130051
-129539
-133998
-137326
-138814
-137842
-135658
-134629
-133301
-132620
-131914
-131794
-132764
-133768
-134456
-135099
-140388
-140377
-140470
-140568
-140591
-140559
-140563
-140524
-140559
-140626
-140637
-140501
-137723
-132676
-127674
-126676
-128437
-131210
-133573
-133578
-133440
-132434
-132433
-132337
-133141
-131940
-133370
-134990
-135535
-8501
-8596
-8683
-8439
-8474
-8311
-8321
-8518
-8508
-8539
-8473
-8245
-8230
-8110
-8067
-8181
-8063
-7883
-7967
-7862
-7627
-7713
-7535
-7394
-7407
-7351
-7324
-7364
-7251
-8522
-8658
-8831
-8489
-8477
-8344
-8238
-8452
-8666
-8546
-8488
-8234
-8113
-8169
-8105
-8082
-8236
-7904
-7845
-7698
-7492
-7559
-7538
-7461
-7351
-7361
-7381
-7290
-7082
-8536
-8800
-8854
-8532
-8326
-8304
-8238
-8452
-8762
-8664
-8516
-8224
-8166
-8142
-8038
-8013
-8264
-8025
-7868
-7610
-7551
-7495
-7552
-7510
-7410
-7391
-7314
-7286
-7066
-8566
-8766
-8624
-8491
-8362
-8200
-8240
-8470
-8726
-8625
-8388
-8186
-8159
-8139
-7845
-8014
-8251
-7953
-7793
-7585
-7576
-7526
-7557
-7485
-7402
-7351
-7298
-7137
-6983
-8750
-8688
-8561
-8506
-8402
-8235
-8334
-8387
-8609
-8581
-8352
-8202
-8276
-8057
-7759
-8008
-7871
-7736
-7676
-7437
-7556
-7570
-7429
-7477
-7464
-7168
-7058
-7047
-6801
-8782
-8492
-8482
-8346
-8391
-8162
-7998
-8577
-10134
-9332
-8401
-8187
-8268
-8128
-7901
-7932
-7635
-7572
-7599
-7375
-7374
-7347
-7468
-7583
-7470
-7094
-7048
-7031
-6736
-8758
-8566
-8491
-8158
-8177
-8031
-5675
-5577
-10794
-13393
-14495
-10905
-8212
-8141
-7896
-7932
-7761
-7552
-7477
-7216
-7414
-7183
-7449
-7623
-7330
-7049
-6965
-6995
-6797
-8786
-8618
-8453
-8292
-8175
-7913
-2206
-1342
-9085
-13112
-16087
-16398
-14016
-10074
-8063
-7974
-7688
-7537
-7434
-7187
-7179
-6965
-7165
-7410
-7182
-7043
-6858
-6848
-6824
-8766
-8519
-8124
-8165
-8121
-7949
36
4087
-3143
-10414
-15840
-16511
-16507
-15212
-14411
-11046
-7899
-7552
-7526
-7257
-7152
-6793
-6972
-7273
-7137
-6883
-6873
-6873
-6688
-8766
-8465
-8081
-8005
-8068
-7921
-3871
1935
1417
-2211
-9090
-13003
-16282
-15076
-16135
-17118
-14794
-9556
-7522
-7377
-7167
-6850
-6749
-7125
-6958
-6742
-6758
-6711
-6671
-8552
-8437
-8324
-8221
-8202
-8280
-7617
-4414
-819
503
-3026
-4077
-8304
-11306
-15568
-17521
-18828
-18332
-10854
-7577
-7274
-6935
-6699
-6860
-6874
-6597
-6409
-6422
-6500
-8321
-8432
-8261
-8084
-8089
-8134
-8333
-8093
-5904
-2714
-1635
-282
-260
-4750
-10005
-14323
-18334
-20889
-17009
-14230
-9830
-7119
-6971
-6914
-6767
-6594
-6476
-6260
-6160
-8197
-8372
-8395
-8114
-8112
-8167
-8051
-8256
-8511
-7150
-4953
-1088
2964
331
-4959
-8571
-11282
-18376
-18295
-18319
-16393
-14063
-10795
-7403
-6778
-6782
-6509
-6229
-6341
-8278
-8214
-8276
-8030
-8110
-8150
-7966
-8098
-8125
-8230
-8088
-5527
-651
2080
-661
-3788
-5266
-9388
-14384
-19109
-18726
-17709
-16672
-13665
-12480
-10037
-8155
-7212
-6556
-8349
-8350
-8298
-8015
-8073
-8107
-8006
-8059
-8079
-8106
-8149
-8074
-6112
-2581
-227
916
938
-3149
-8158
-11720
-16041
-18695
-19070
-14901
-14529
-13843
-13513
-13427
-14398
-8331
-8354
-8293
-8028
-8082
-8082
-8039
-8004
-8108
-8246
-8018
-7714
-7983
-7334
-4630
-122
5983
1984
-7631
-9275
-10519
-13821
-17054
-14894
-14413
-15170
-15579
-16805
-18686
-8301
-8241
-8240
-7992
-8046
-8086
-8060
-7957
-8043
-8404
-8046
-7668
-7621
-7484
-6738
-5158
513
-903
-8613
-10317
-11215
-12042
-11567
-10098
-9119
-11780
-14083
-16532
-20624
-7568
-7573
-9266
-10842
-11352
-11660
-11633
-11423
-11276
-11613
-11553
-12063
-11266
-7669
-4838
-7755
-7675
-6444
-9696
-12223
-12635
-10638
-8963
-9583
-8897
-9643
-11478
-12267
-14702
-4525
-4849
-9189
-12494
-13262
-13828
-13459
-12786
-12567
-13009
-13441
-14635
-14362
-9374
-5030
-6094
-9972
-12914
-14810
-14337
-13183
-10864
-7960
-9778
-9908
-10239
-11228
-11101
-11859
590
1603
-4770
-9589
-11232
-13166
-13017
-11647
-10955
-10971
-12510
-15639
-16103
-9885
-5873
-9219
-13921
-16003
-15625
-14592
-13982
-13689
-11213
-10943
-11185
-10717
-10649
-10051
-10396
1742
4393
-1853
-4775
-4850
-6908
-7644
-6542
-6463
-7279
-9976
-14093
-15769
-13504
-10658
-11469
-13417
-14361
-15463
-16391
-16235
-18958
-17968
-14291
-12190
-10644
-9998
-9209
-8959
-3589
-1100
-4095
-5418
-3779
-3985
-4102
-2595
-1181
-173
-5697
-12479
-14812
-13975
-11667
-10682
-11301
-12381
-14303
-16307
-15582
-19222
-23587
-18533
-13434
-11901
-10146
-9265
-8250
-8074
-7310
-7942
-8437
-7053
-6276
-5628
-4343
-642
6285
4228
-5637
-11505
-10863
-8971
-8180
-9306
-9512
-11411
-14345
-12139
-12843
-21637
-22337
-15599
-12744
-11117
-10011
-8210
-8019
-7962
-8196
-8352
-8305
-8188
-7810
-7052
-4290
2948
6829
118
-7149
-7488
-5780
-6962
-9856
-10663
-10848
-14131
-11823
-5612
-14728
-23747
-20328
-14764
-12107
-10559
-8608
-8045
-7918
-8212
-8174
-7931
-8027
-7954
-7988
-8157
-5477
2419
3956
-3356
-6854
-5626
-7879
-10221
-11227
-11319
-14836
-11723
-2913
-9744
-22161
-23191
-19417
-14931
-11462
-9289
-8089
-7992
-8265
-8026
-7872
-7972
-7923
-7872
-7840
-7954
-3295
4357
2131
-879
-4472
-8804
-11362
-11876
-11056
-12472
-8889
-5492
-10229
-17894
-22389
-20910
-17357
-15938
-12361
-8086
-7995
-8326
-7996
-7890
-8030
-7919
-7816
-7846
-8055
-6977
-2587
1040
3486
-4157
-10123
-10301
-9750
-8277
-9851
-8357
-10259
-13362
-15083
-16621
-19928
-17176
-15986
-15471
-7944
-8082
-8392
-7996
-7890
-8030
-7919
-7810
-7867
-7731
-8139
-7681
-4661
4752
2432
-5603
-8129
-6612
-6989
-10286
-8513
-13764
-14981
-13831
-13071
-15194
-16407
-15289
-15455
-7948
-7990
-8338
-7996
-7890
-8030
-7919
-7776
-7829
-7692
-7889
-7922
-6882
957
5866
2357
577
255
-5092
-11682
-12019
-16686
-14235
-12045
-11105
-11993
-14012
-14268
-15205
-51051
-51145
-51089
-51347
-51244
-51522
-51609
-51538
-51590
-51843
-52113
-52318
-52293
-52360
-52523
-52708
-52936
-53206
-53123
-53517
-53871
-53788
-53874
-53959
-54105
-54359
-54445
-54556
-54736
-51038
-51039
-51287
-51566
-51590
-51496
-51529
-51523
-51588
-51957
-52228
-52270
-52353
-52484
-52611
-52855
-53049
-53135
-53371
-53674
-53827
-53836
-53879
-54094
-54359
-54522
-54615
-54859
-55127
-51075
-51075
-51412
-51551
-51565
-51544
-51529
-51523
-51600
-51953
-52200
-52334
-52420
-52499
-52661
-52904
-53048
-53241
-53603
-53776
-53795
-53922
-53957
-54231
-54479
-54551
-54750
-55002
-55238
-51008
-51141
-51325
-51475
-51559
-51576
-51536
-51566
-51654
-51942
-52331
-52414
-52465
-52685
-52953
-52977
-53134
-53288
-53615
-53806
-53753
-53853
-54106
-54386
-54532
-54638
-54804
-55116
-55333
-51005
-51362
-51364
-51408
-51511
-51603
-51602
-51639
-51874
-52260
-52355
-52401
-52512
-52876
-53104
-53107
-53339
-53339
-53627
-53975
-53851
-53987
-54264
-54497
-54722
-54916
-55100
-55369
-55441
-51047
-51485
-51686
-51544
-51560
-51458
-51456
-51619
-51594
-52012
-52257
-52527
-52780
-53022
-53125
-53355
-53556
-53565
-53737
-54024
-54092
-54369
-54416
-54511
-54856
-55174
-55323
-55466
-55624
-51308
-51466
-51441
-51591
-51594
-51480
-50974
-49438
-47921
-49588
-51210
-53071
-52840
-53035
-53162
-53607
-53868
-53900
-54004
-54174
-54330
-54454
-54483
-54698
-55134
-55348
-55382
-55724
-55988
-51503
-51710
-51687
-51691
-51681
-51608
-50924
-45376
-41441
-40823
-43507
-48870
-52713
-53655
-53352
-53522
-53816
-53993
-54151
-54345
-54314
-54523
-54622
-54962
-55372
-55457
-55599
-55953
-56134
-51632
-51520
-51638
-51597
-51678
-52006
-50362
-46437
-44088
-42565
-40692
-40420
-43881
-49315
-52082
-54159
-53888
-54195
-54402
-54517
-54611
-54671
-54890
-55083
-55398
-55685
-55894
-56055
-56318
-51571
-51637
-51696
-51815
-51854
-52521
-51681
-48532
-45901
-44292
-44566
-44093
-41391
-40707
-43726
-48955
-53483
-55307
-54431
-54655
-54991
-55188
-55184
-55377
-55622
-55873
-55914
-56278
-56560
-51685
-51774
-52054
-52318
-52259
-52788
-53360
-52703
-50399
-47220
-45232
-46341
-45068
-42609
-40208
-39049
-42869
-51505
-55646
-54709
-55116
-55168
-55274
-55624
-55857
-55847
-55973
-56466
-56711
-51844
-51863
-52104
-52284
-52333
-52281
-52930
-53661
-53830
-51926
-49308
-47662
-45510
-44384
-43821
-42577
-39839
-41638
-50010
-54067
-55749
-55400
-55677
-55990
-55947
-56167
-56452
-56599
-56741
-51905
-52041
-52103
-52257
-52267
-52342
-52502
-52760
-53654
-54075
-53553
-51452
-47868
-44450
-45167
-45310
-44496
-41231
-40500
-44237
-51010
-53987
-55827
-55888
-55944
-56400
-56583
-56646
-56892
-51893
-52059
-52244
-52344
-52289
-52376
-52458
-52518
-52862
-53471
-54115
-54370
-52453
-48677
-46190
-45968
-45821
-44442
-42053
-40744
-40849
-44725
-50230
-54210
-55174
-55936
-56430
-56740
-57085
-51934
-52124
-52254
-52392
-52401
-52498
-52535
-52697
-52919
-53050
-53494
-54378
-54882
-53707
-50536
-47965
-45099
-44543
-42987
-43312
-40670
-40118
-40902
-43652
-46927
-50753
-51627
-52175
-53902
-51973
-52186
-52295
-52324
-52362
-52433
-52596
-52838
-52955
-53051
-53439
-53708
-54431
-55159
-55108
-53015
-48055
-42549
-42877
-43067
-41964
-42909
-43096
-41655
-40009
-38051
-38368
-39150
-41703
-52071
-52287
-52367
-52378
-52416
-52503
-52583
-52742
-53019
-53099
-53530
-53787
-53781
-54026
-54686
-54245
-49564
-43416
-42226
-43404
-43668
-43684
-43625
-43362
-42442
-40154
-38934
-37931
-37623
-51959
-51561
-49986
-49664
-49754
-49843
-50188
-50446
-50674
-50878
-51218
-51609
-52505
-52209
-50369
-48647
-45901
-42561
-42206
-43507
-44253
-44407
-43456
-41935
-41484
-41057
-40594
-40420
-40575
-51125
-48565
-45641
-43678
-43116
-43070
-43880
-44367
-44233
-44389
-44238
-45081
-47236
-48862
-44771
-39677
-38575
-40378
-43183
-44582
-44875
-44654
-43024
-41040
-41321
-41342
-41788
-41907
-41456
-49789
-43534
-41642
-40973
-40887
-40716
-41645
-41437
-40982
-40159
-39112
-38733
-38575
-39326
-40531
-40807
-41119
-41908
-43025
-43065
-43399
-42838
-42716
-43190
-43076
-42467
-42415
-42178
-41420
-49970
-44912
-42952
-44090
-44100
-44059
-44515
-44488
-44237
-43155
-41608
-40678
-41565
-41859
-41791
-41584
-41261
-40649
-39844
-39707
-38520
-37701
-40775
-43671
-43286
-44168
-43549
-42471
-41865
-51881
-49065
-47768
-47441
-46475
-44816
-43881
-43650
-43739
-43591
-41405
-40236
-40268
-41074
-41504
-40224
-38935
-37328
-35043
-34262
-34827
-35270
-38777
-43477
-44585
-44240
-43753
-42893
-42115
-53673
-54086
-54929
-55572
-55100
-53901
-52633
-51488
-49746
-45285
-40739
-41159
-41126
-41063
-40461
-38689
-35963
-34322
-34280
-34917
-36734
-37224
-34212
-39479
-43582
-43623
-43790
-43190
-42299
-52552
-52482
-52510
-52954
-53777
-54446
-54905
-55288
-54789
-50691
-45847
-41074
-40131
-40965
-39289
-37373
-38323
-39251
-39024
-38744
-40813
-40134
-35483
-34814
-40503
-43593
-43559
-43385
-42596
-52496
-52509
-52561
-52710
-52883
-53003
-53031
-53561
-54766
-55002
-54260
-50140
-46547
-45582
-43055
-40675
-41682
-41654
-41215
-41454
-42750
-41103
-37374
-34279
-35808
-40891
-44039
-43643
-42588
-52497
-52449
-52436
-52658
-52762
-52999
-53134
-53157
-53404
-53992
-53360
-49821
-46672
-45653
-43673
-42593
-43157
-43806
-44516
-43762
-42329
-38675
-36551
-35393
-34159
-35509
-39276
-42870
-43775
-52433
-52311
-52424
-52661
-52743
-52998
-53163
-53161
-53237
-54006
-54736
-53374
-49586
-46952
-42982
-44967
-44919
-43932
-43095
-40884
-38848
-34898
-35112
-35636
-35521
-34955
-35404
-36299
-41112
-52457
-52362
-52439
-52661
-52743
-52998
-53163
-53171
-53206
-53422
-54328
-55307
-55577
-52892
-47391
-45904
-44894
-43788
-40432
-36217
-34434
-34561
-37286
-37190
-38462
-37470
-38945
-38244
-37021
-52455
-52420
-52450
-52661
-52743
-52998
-53163
-53145
-53320
-53444
-53456
-53892
-54746
-53172
-48034
-44114
-43213
-41998
-37026
-36447
-38046
-37958
-40195
-39929
-40419
-39983
-39128
-41260
-42304
-53483
-53456
-53719
-53788
-53735
-53848
-53774
-53791
-53876
-54180
-54345
-54329
-54205
-54230
-54295
-54585
-54706
-54865
-54660
-54969
-55062
-54983
-55064
-54975
-55199
-55404
-55518
-55460
-55549
-53492
-53432
-53731
-53865
-53693
-53733
-53663
-53753
-53957
-54278
-54395
-54318
-54181
-54329
-54388
-54613
-54837
-54924
-54930
-55150
-54958
-55011
-54999
-55250
-55404
-55459
-55429
-55659
-55741
-53511
-53567
-53925
-53743
-53730
-53701
-53663
-53753
-54023
-54222
-54286
-54297
-54264
-54355
-54532
-54664
-54853
-54841
-55025
-55031
-55017
-55032
-55056
-55363
-55465
-55484
-55541
-55737
-55870
-53514
-53766
-53949
-53845
-53789
-53709
-53621
-53808
-54027
-54320
-54425
-54298
-54300
-54570
-54662
-54636
-55057
-54955
-55041
-55057
-54959
-55012
-55316
-55475
-55485
-55508
-55665
-55857
-55843
-53576
-53895
-53837
-53896
-53815
-53722
-53710
-53804
-54147
-54435
-54484
-54363
-54506
-54769
-54651
-54849
-55131
-54935
-55062
-55069
-54940
-55261
-55390
-55525
-55740
-55758
-55772
-56128
-56026
-53706
-53882
-53852
-53788
-53739
-53660
-53043
-52458
-53737
-55182
-54555
-54384
-54639
-54817
-54694
-54993
-55114
-54962
-55042
-55164
-55196
-55446
-55392
-55591
-55780
-55878
-55878
-56108
-56078
-53935
-53903
-53912
-53735
-53664
-54008
-52877
-49722
-49539
-52142
-54389
-56656
-55084
-54867
-54873
-55037
-55051
-54919
-55175
-55235
-55363
-55364
-55337
-55803
-55971
-55881
-55778
-56007
-56127
-53998
-53947
-53768
-53756
-53659
-55431
-53480
-47409
-47077
-49906
-50551
-53960
-55739
-56388
-55040
-55063
-55152
-55178
-55413
-55459
-55412
-55502
-55495
-55891
-56033
-56010
-56094
-56258
-56471
-53991
-53911
-53828
-53858
-53823
-55999
-53355
-46815
-46571
-49474
-51856
-51790
-51346
-53184
-54745
-57262
-55680
-55327
-55366
-55510
-55534
-55633
-55647
-55845
-56093
-56133
-56251
-56437
-56760
-54063
-53927
-54006
-54113
-54048
-54301
-53262
-50130
-48638
-46816
-48915
-51866
-51546
-50654
-50448
-54318
-57098
-57183
-55526
-55542
-55826
-55646
-55479
-55807
-56260
-56266
-56234
-56423
-56634
-53929
-53831
-53976
-53993
-54117
-53620
-53183
-51238
-50670
-49121
-48966
-47882
-48483
-50202
-51737
-51182
-51744
-57171
-57925
-56111
-55951
-55877
-55699
-56094
-56407
-56417
-56432
-56534
-56595
-53950
-54055
-54303
-54177
-54141
-54139
-53712
-53086
-51607
-50425
-51130
-50846
-46673
-45805
-49356
-52433
-51271
-52324
-55040
-56625
-57824
-55924
-55945
-56254
-56301
-56361
-56513
-56494
-56722
-53939
-54013
-54243
-54283
-54151
-54232
-54305
-54049
-53577
-52583
-51746
-52284
-49979
-47388
-46885
-48193
-50596
-51420
-51807
-51903
-54990
-55692
-58152
-57044
-56307
-56355
-56528
-56472
-56835
-54097
-54183
-54284
-54181
-54116
-54287
-54219
-54300
-54647
-54289
-53805
-52486
-51268
-49836
-49394
-47430
-46450
-48535
-50925
-52103
-51804
-51770
-54496
-54651
-55164
-57180
-56768
-57156
-56861
-54024
-54211
-54345
-54247
-54149
-54314
-54257
-54538
-54702
-54772
-54740
-53963
-52698
-50723
-51034
-51045
-47240
-44728
-47002
-50234
-50567
-52883
-52780
-52008
-51671
-53347
-52944
-53296
-55580
-54048
-54170
-54277
-54202
-54171
-54285
-54350
-54471
-54619
-54837
-55089
-54983
-54299
-53439
-52103
-52916
-48613
-42476
-44653
-47510
-47427
-50065
-52602
-52256
-51305
-50352
-49531
-49676
-51006
-54200
-54319
-54338
-54206
-54175
-54346
-54359
-54405
-54518
-54778
-55188
-55040
-54988
-53966
-51188
-48471
-43839
-40690
-44800
-47900
-48596
-49344
-48582
-48141
-47408
-47375
-48419
-49896
-52229
-52581
-50899
-50180
-51216
-51408
-51625
-51803
-51864
-51913
-52235
-52399
-53019
-53448
-52347
-48633
-46525
-43754
-42120
-45617
-49578
-50147
-49767
-47997
-47201
-46915
-46226
-46808
-47157
-48571
-52023
-48142
-47575
-49109
-49376
-49769
-50344
-50171
-49806
-49941
-49941
-50627
-51982
-51466
-46809
-45074
-46485
-48283
-49893
-50081
-50035
-49854
-48127
-47433
-47803
-46725
-47267
-47209
-47174
-52797
-45559
-46746
-49260
-49250
-50231
-51457
-50983
-50257
-49586
-49150
-50461
-51614
-48800
-45967
-46119
-48214
-49537
-50238
-49588
-49356
-49137
-48918
-48667
-48771
-47975
-47939
-47384
-46988
-53052
-47121
-48673
-51498
-51549
-51264
-51563
-49748
-47813
-46185
-46110
-47838
-49575
-49128
-47662
-47354
-47956
-48017
-47936
-48565
-47946
-48020
-50836
-49727
-48648
-48815
-48397
-47370
-46620
-51344
-47734
-48821
-51584
-52417
-52775
-53092
-51911
-50559
-45559
-43042
-45818
-48517
-48946
-47908
-47071
-46374
-45707
-44679
-46364
-47007
-46772
-50570
-52078
-49649
-49464
-48595
-47785
-46715
-52270
-50207
-50006
-50715
-50338
-50102
-50146
-51134
-52676
-49331
-44263
-45427
-48386
-49071
-47419
-45442
-44088
-44432
-45009
-47103
-47951
-45927
-46095
-52277
-51401
-49686
-48979
-48481
-47001
-54255
-54102
-54257
-54064
-53409
-52413
-51378
-51233
-50955
-48245
-44816
-43672
-46763
-49157
-45949
-43773
-45551
-46111
-45081
-46411
-47347
-43729
-42325
-49494
-52450
-51272
-50005
-49036
-47541
-54388
-54186
-54385
-54540
-54497
-54681
-54750
-54267
-53106
-51978
-48567
-43529
-43171
-46570
-44935
-44206
-46592
-47201
-46589
-46826
-47193
-41229
-41612
-47156
-50277
-51414
-51511
-49736
-48039
-54438
-54211
-54365
-54528
-54344
-54601
-54695
-54710
-54714
-54885
-54703
-50096
-48143
-46081
-43553
-46384
-47710
-46927
-46676
-47335
-46144
-40945
-42420
-46540
-48275
-49659
-49171
-49851
-49543
-54373
-54127
-54403
-54500
-54348
-54696
-54762
-54701
-54723
-54462
-54132
-51125
-50025
-45774
-43513
-47485
-48537
-47487
-47035
-46178
-44367
-41558
-44244
-45627
-46441
-49429
-48920
-47562
-49584
-54252
-54171
-54441
-54500
-54348
-54696
-54762
-54695
-54719
-54853
-54117
-53210
-52981
-49392
-44268
-46321
-46867
-46749
-44326
-44599
-42574
-44506
-46865
-45582
-45978
-45721
-49111
-49021
-49216
-54241
-54166
-54390
-54500
-54348
-54696
-54762
-54644
-54775
-54842
-54984
-55236
-56158
-54576
-50628
-50071
-47531
-43764
-39552
-44598
-44699
-46524
-49382
-46589
-47502
-46561
-46355
-46919
-49067
-93071
-92996
-92759
-92701
-92768
-92754
-92766
-92745
-92645
-92475
-92358
-92244
-92244
-92155
-92099
-91967
-91846
-91691
-91625
-91324
-91361
-91249
-91217
-91232
-91070
-90958
-90843
-90706
-90522
-93082
-93091
-92620
-92671
-92708
-92736
-92779
-92754
-92625
-92367
-92329
-92197
-92201
-92133
-92080
-91902
-91797
-91541
-91449
-91334
-91355
-91255
-91233
-91064
-90958
-90882
-90745
-90533
-90438
-93110
-92948
-92807
-92744
-92763
-92770
-92779
-92754
-92627
-92447
-92242
-92167
-92191
-92104
-91984
-91928
-91722
-91575
-91422
-91319
-91290
-91251
-91212
-90964
-90918
-90758
-90678
-90532
-90422
-93080
-92964
-92912
-92854
-92752
-92735
-92780
-92705
-92584
-92368
-92250
-92207
-92137
-91959
-91889
-91871
-91560
-91588
-91430
-91321
-91302
-91236
-91066
-90966
-90800
-90702
-90609
-90457
-90318
-93044
-92848
-92843
-92758
-92713
-92738
-92737
-92567
-92364
-92298
-92242
-92156
-92005
-91822
-91811
-91650
-91417
-91387
-91290
-91283
-91288
-91062
-90968
-90854
-90604
-90554
-90448
-90268
-90190
-92877
-92717
-92752
-92662
-92699
-92684
-92938
-93116
-93117
-92530
-92170
-92084
-91892
-91779
-91677
-91400
-91248
-91186
-91216
-91133
-91095
-90946
-90958
-90721
-90480
-90366
-90352
-90103
-89984
-92803
-92696
-92627
-92628
-92663
-92635
-93306
-95609
-96360
-94440
-93149
-92074
-92001
-91737
-91491
-91410
-91294
-91150
-91059
-90996
-90899
-90885
-90858
-90539
-90402
-90309
-90277
-90071
-89863
-92534
-92587
-92675
-92682
-92559
-91917
-93352
-96973
-98445
-97181
-95716
-93043
-92231
-91518
-91499
-91310
-91191
-91114
-90967
-90859
-90715
-90650
-90597
-90367
-90321
-90195
-90089
-89965
-89747
-92583
-92641
-92659
-92545
-92521
-91359
-91467
-92813
-94320
-95061
-96674
-95429
-94658
-93411
-92714
-91433
-91295
-91002
-90936
-90685
-90491
-90290
-90294
-90336
-90155
-90036
-89924
-89755
-89497
-92538
-92567
-92419
-92301
-92188
-92041
-89963
-89002
-90352
-92615
-92501
-93732
-96283
-96576
-95877
-92844
-91326
-90776
-90838
-90636
-90458
-90239
-90167
-90140
-89997
-89923
-89758
-89492
-89408
-92568
-92625
-92433
-92293
-92183
-92540
-91066
-88657
-87328
-89088
-90827
-92606
-94247
-95681
-97558
-95653
-93255
-90790
-90774
-90607
-90405
-90209
-90059
-89989
-89888
-89636
-89424
-89394
-89426
-92569
-92502
-92406
-92350
-92294
-92242
-92491
-91487
-89131
-87301
-87887
-90069
-93639
-94548
-93845
-93649
-95179
-93632
-92250
-91327
-90218
-90253
-89988
-89860
-89797
-89486
-89285
-89304
-89102
-92557
-92530
-92324
-92297
-92290
-92195
-92160
-92334
-92291
-90105
-88422
-87352
-89364
-91939
-93170
-92668
-93396
-96429
-95970
-94670
-92294
-91669
-90569
-90043
-89809
-89641
-89260
-89253
-89142
-92494
-92485
-92313
-92253
-92259
-92162
-92173
-92125
-91876
-92050
-91222
-88900
-86734
-87484
-89680
-92730
-93817
-95220
-96084
-97204
-96573
-95765
-93107
-92143
-91695
-90601
-90186
-89710
-89249
-92491
-92330
-92261
-92210
-92235
-92155
-92136
-91981
-91919
-91742
-91680
-91963
-89308
-86801
-86337
-89049
-93102
-95516
-94947
-95195
-96924
-97679
-96480
-96383
-96453
-95442
-95198
-93823
-91655
-92516
-92352
-92264
-92225
-92249
-92145
-92089
-91996
-91860
-91662
-91405
-91415
-91701
-90036
-87503
-86103
-89439
-93976
-95442
-96299
-95939
-94839
-95219
-97424
-99597
-100076
-100293
-99297
-96617
-92429
-92370
-92227
-92182
-92206
-92109
-92100
-92047
-91910
-91695
-91362
-91345
-91282
-91831
-92605
-91356
-91497
-94443
-96610
-95899
-95103
-95499
-96837
-97449
-98354
-98421
-98186
-98007
-98098
-93248
-94236
-95327
-95338
-95295
-95103
-94887
-94768
-94772
-94598
-94344
-93793
-93440
-93921
-97118
-100572
-99464
-96911
-95980
-95512
-95261
-95975
-97724
-98571
-97735
-97370
-97311
-97110
-96658
-94360
-98097
-100056
-99256
-98953
-98444
-98116
-98378
-98731
-98877
-98779
-97766
-97030
-98081
-100831
-100925
-99482
-97721
-96494
-96554
-96793
-97133
-97532
-97452
-96196
-96403
-96719
-97222
-97932
-93633
-97038
-97695
-97261
-97198
-96958
-96796
-97402
-98118
-98740
-99022
-99071
-98751
-99456
-99649
-98989
-98028
-97870
-98302
-99096
-99392
-98728
-96351
-95030
-95123
-95941
-96546
-97591
-98349
-90686
-91108
-90855
-90622
-91159
-91861
-92319
-93373
-94974
-96623
-97707
-97794
-97548
-98215
-98765
-99157
-99417
-100128
-101275
-101796
-101587
-100229
-96382
-95557
-95487
-95918
-96677
-97780
-98438
-89264
-87487
-86894
-86472
-86091
-86709
-87064
-88043
-90101
-94655
-98043
-98321
-98022
-98738
-99412
-100272
-100741
-101306
-101338
-100372
-99479
-97824
-96619
-96836
-96804
-96868
-97214
-97663
-98200
-91742
-89936
-89176
-88497
-87093
-85822
-85062
-84758
-85470
-89001
-92740
-95027
-96104
-97121
-98323
-99108
-99045
-97547
-96970
-95400
-94536
-96117
-98439
-97427
-97918
-97618
-97298
-97582
-98044
-92067
-92138
-92113
-92172
-92003
-91399
-90671
-89275
-87275
-85600
-87218
-91244
-93494
-94336
-95905
-96810
-95992
-94467
-93569
-92416
-92665
-95737
-99436
-98219
-97621
-97674
-97298
-97428
-97630
-92143
-92074
-92089
-92005
-92006
-91886
-91754
-91973
-92078
-88283
-86591
-89328
-92434
-93219
-94723
-94586
-93720
-93499
-93833
-93753
-95584
-98431
-100248
-99179
-97865
-97924
-97437
-97486
-97355
-92182
-92261
-92168
-92028
-92101
-91850
-91759
-91695
-91688
-91224
-88874
-88460
-90685
-93196
-94522
-93901
-94561
-95273
-95892
-97224
-99692
-101890
-100465
-98468
-98753
-98173
-97496
-97687
-97467
-92240
-92261
-92131
-92017
-92090
-91871
-91758
-91700
-91686
-91834
-90043
-87278
-86851
-90918
-94110
-94285
-95699
-97519
-98981
-101210
-102078
-101557
-98540
-97313
-96657
-97111
-97574
-97322
-97090
-92248
-92249
-92122
-92017
-92090
-91871
-91758
-91717
-91678
-91568
-91992
-90410
-87770
-88578
-92515
-95253
-97003
-98847
-101399
-101501
-98908
-97536
-96516
-95982
-95770
-95202
-94435
-95671
-96005
-92215
-92211
-92128
-92017
-92090
-91871
-91758
-91693
-91639
-91607
-91546
-91383
-90253
-87916
-88286
-90707
-94674
-98376
-100070
-97728
-96275
-95137
-94103
-94587
-94181
-95583
-94987
-94145
-93922
-73402
-73281
-73107
-73173
-73341
-73472
-73644
-73734
-73696
-73812
-73737
-73908
-74121
-74120
-74255
-74324
-74182
-74303
-74547
-74592
-74842
-75036
-75067
-75140
-75160
-75057
-75045
-75415
-75654
-73406
-73423
-73449
-73540
-73750
-73641
-73711
-73749
-73776
-73738
-73819
-73965
-74202
-74291
-74390
-74320
-74344
-74398
-74822
-74719
-74847
-75109
-75074
-75165
-75057
-75127
-75376
-75624
-75592
-73466
-73564
-73581
-73607
-73746
-73696
-73711
-73749
-73821
-73799
-73984
-74096
-74220
-74264
-74345
-74253
-74482
-74738
-74878
-74862
-74985
-75122
-75220
-75131
-75172
-75392
-75655
-75562
-75601
-73384
-73530
-73484
-73551
-73612
-73707
-73664
-73703
-73770
-73874
-74009
-74149
-74264
-74284
-74198
-74271
-74501
-74642
-74771
-74873
-75077
-75094
-75210
-75058
-75259
-75529
-75545
-75537
-75723
-73362
-73376
-73237
-73426
-73588
-73705
-73713
-73623
-73739
-73614
-73884
-74077
-74197
-74141
-74223
-74257
-74160
-74480
-74657
-74919
-75039
-75101
-75006
-75167
-75320
-75439
-75480
-75480
-75663
-73273
-73187
-73230
-73548
-73632
-73432
-74054
-75588
-75054
-74613
-74197
-74245
-74250
-74236
-74404
-74447
-74449
-74832
-74946
-74878
-75022
-75036
-75122
-75340
-75397
-75488
-75729
-75576
-75745
-73193
-73259
-73482
-73710
-73775
-73154
-75190
-77112
-76882
-76293
-75423
-74512
-74718
-74260
-74530
-74610
-74918
-75204
-75036
-74845
-75014
-75123
-75314
-75406
-75488
-75708
-75930
-75960
-76065
-73255
-73436
-73836
-73833
-73816
-72277
-71647
-71715
-71058
-70683
-72505
-73339
-73883
-74206
-74703
-74747
-74863
-75046
-74834
-74933
-74982
-74923
-75265
-75327
-75657
-75767
-75922
-75986
-75956
-73289
-73523
-73554
-73439
-73500
-70953
-67101
-67041
-67153
-65126
-66353
-67972
-72186
-75733
-76522
-75385
-75544
-75041
-75092
-75241
-75170
-75069
-75491
-75643
-75717
-75813
-75925
-76013
-75873
-73529
-73685
-73594
-73564
-73779
-72582
-69356
-67453
-65711
-64365
-65931
-66760
-69337
-71209
-73872
-73806
-73992
-74472
-75406
-75362
-75356
-75616
-75916
-75914
-75616
-75764
-75897
-76164
-76343
-73739
-73861
-73914
-74077
-74109
-74600
-74220
-73627
-70178
-67706
-65718
-66566
-69330
-67447
-66778
-67116
-70960
-73334
-75150
-75881
-75529
-75767
-75967
-75880
-75735
-75807
-76138
-76413
-76571
-73814
-73856
-73862
-73951
-74061
-74076
-74785
-75610
-75777
-73772
-70282
-66849
-66807
-66514
-66137
-66198
-68808
-71105
-74865
-75747
-75459
-76099
-76092
-76075
-76018
-76253
-76456
-76550
-76503
-73919
-73958
-73824
-73944
-74034
-74207
-74298
-74599
-75633
-76208
-75115
-70098
-67059
-64737
-65316
-66955
-69550
-70778
-70941
-74348
-76923
-78388
-76970
-76970
-76605
-76716
-76848
-76947
-76894
-73841
-73896
-73899
-74021
-74131
-74207
-74230
-74369
-74299
-74832
-75588
-75170
-71526
-68415
-65870
-67098
-68965
-71148
-68009
-69850
-72543
-76338
-77285
-79191
-79455
-79533
-78754
-77832
-77446
-73827
-73875
-73922
-74066
-74257
-74256
-74274
-74381
-74238
-74402
-74884
-75898
-75927
-74935
-70815
-67899
-66305
-66930
-66040
-68174
-67299
-67363
-69805
-75305
-79526
-81404
-82801
-82202
-80194
-74006
-74017
-74104
-74178
-74281
-74270
-74405
-74345
-74390
-74472
-74543
-74666
-75660
-76655
-76486
-70677
-68765
-69485
-69509
-68011
-66979
-66769
-68698
-68646
-70113
-70475
-72897
-74608
-75395
-73961
-73871
-73971
-74127
-74230
-74306
-74409
-74502
-74650
-74730
-74666
-74858
-75058
-75933
-79578
-81227
-81617
-81090
-72690
-66939
-67273
-68423
-70226
-69245
-67954
-66440
-64938
-64772
-66124
-75611
-78464
-79655
-79828
-79619
-79367
-79202
-79276
-79441
-79803
-79653
-79307
-79254
-81399
-83136
-82497
-78896
-75548
-70596
-67653
-68835
-69908
-69557
-66989
-65076
-65178
-64865
-65329
-66433
-76707
-77796
-76725
-74450
-73753
-73353
-73651
-74519
-75635
-76584
-76685
-77062
-78358
-78411
-74559
-69249
-65917
-66783
-69319
-70910
-71718
-69780
-67488
-64908
-63900
-65500
-66107
-66848
-67115
-69780
-67656
-64206
-63094
-64040
-64680
-65221
-65882
-66226
-65961
-66072
-66748
-67590
-66780
-67213
-67919
-68398
-69701
-70983
-71835
-71785
-68931
-66133
-66134
-65930
-67482
-67372
-67425
-67423
-64466
-62709
-58230
-55942
-56066
-57135
-58167
-60336
-63176
-66181
-67904
-67761
-67273
-67405
-68233
-68922
-69789
-70318
-69424
-68188
-66955
-65464
-65491
-68518
-69444
-69441
-68882
-68121
-67464
-71173
-72072
-69913
-65590
-62287
-60190
-58355
-58519
-60426
-64290
-66204
-66209
-66457
-67349
-67964
-67118
-65139
-61808
-59614
-57663
-57296
-61326
-64432
-68554
-70452
-69432
-68626
-68356
-67382
-76777
-79585
-80656
-79703
-78975
-78745
-77322
-73679
-67222
-61919
-59563
-58825
-60206
-61283
-61613
-60967
-59535
-57285
-56394
-53607
-54489
-61114
-64016
-64989
-67700
-68596
-68434
-68167
-67433
-74509
-74364
-74404
-74981
-76459
-78430
-80191
-79635
-76408
-70151
-68247
-66095
-62951
-61461
-62595
-61894
-61271
-59301
-59807
-60505
-63843
-67107
-68092
-63809
-65269
-67503
-67846
-67841
-67350
-74214
-74434
-74450
-74585
-74514
-74529
-74579
-75210
-76814
-76973
-76510
-75914
-72561
-69183
-69022
-65768
-63897
-64610
-67476
-70423
-71721
-70757
-68170
-64297
-64061
-66461
-67830
-68190
-67529
-74157
-74396
-74387
-74470
-74576
-74569
-74636
-74748
-74950
-74159
-70363
-68485
-66770
-65384
-65733
-67331
-68615
-71509
-73184
-74321
-72047
-67197
-63238
-61927
-61129
-61989
-65252
-67258
-68262
-74086
-74260
-74368
-74410
-74578
-74477
-74548
-74790
-74851
-75394
-74233
-73440
-70513
-71048
-71298
-71238
-71715
-72324
-71647
-69483
-64360
-59907
-59257
-59289
-60683
-59166
-60267
-63365
-64910
-74078
-74281
-74353
-74410
-74578
-74477
-74548
-74713
-74811
-74967
-76023
-77579
-76858
-74070
-72826
-69754
-69890
-71243
-66894
-61900
-58231
-58349
-58871
-59991
-60903
-62051
-61520
-62492
-60893
-74094
-74272
-74348
-74410
-74578
-74477
-74548
-74703
-74883
-74938
-74998
-75021
-72566
-66927
-65178
-61588
-60664
-62374
-61462
-60528
-61037
-61009
-60547
-62374
-61545
-63136
-63885
-65653
-66279
