1322
1332
1434
1194
880
934
750
633
635
521
389
263
1038
869
3190
4550
1093
-504
431
539
532
442
389
215
979
-280
42
4931
3231
-631
-1039
-1126
62
243
345
67
1305
1452
999
3199
1581
-999
-170
-2781
-1762
-904
119
-56
1370
1829
2516
2642
1950
-529
548
-2040
-1442
-2845
-2093
-1501
1279
1133
1239
1156
1662
2136
2894
1569
1065
-3813
-2832
-2170
1751
1316
894
646
246
2199
5316
7660
8053
-2495
-5395
-5651
5936
2379
405
626
395
67
2152
6841
10114
4305
481
-811
1912
-4036
-5852
-2524
1025
959
2121
7446
6652
4224
3738
5835
3261
-3439
-5533
-3139
4858
7373
4087
4637
465
1926
5739
5360
1933
-1542
-915
-178
5592
13791
9606
9055
6252
4433
6105
5877
442
-220
353
227
2451
10182
15749
15517
11298
8903
7643
4516
101756
101680
101786
101875
101809
101908
101958
101979
101996
101959
102001
102037
101960
101937
101868
101673
100191
100010
101541
101961
102006
102020
102040
101996
101851
101922
103134
105666
105677
102642
100285
99714
101394
102053
102107
102063
101650
101006
98998
98342
102454
106073
105511
102381
100249
100397
101822
102078
101470
100031
95759
90274
91431
97904
104102
105929
103831
100922
99200
100036
101671
100590
98257
94283
91800
91068
93148
98614
104178
105670
103434
101117
101812
101296
100586
98934
95597
91163
87692
86624
91498
98148
103331
104869
101906
100829
100504
100047
98293
94705
92101
90275
89418
92611
94728
97511
106641
107984
107840
106401
105067
102318
99351
95717
93733
95476
95727
93770
93053
94626
97567
98191
99263
100287
99683
99355
100642
101369
98168
93316
84484
83589
86073
87135
89666
95676
96904
92492
86434
85315
92053
97332
96158
94700
92669
88975
83393
85002
88396
85292
81862
82509
87238
96451
-51145
-51151
-51215
-51389
-51509
-51804
-51844
-52038
-52131
-52293
-52403
-52531
-51011
-51142
-49878
-46141
-44036
-47677
-51324
-52082
-52174
-52361
-52543
-52663
-50790
-49770
-46241
-42095
-39073
-39475
-43854
-47457
-51455
-52389
-52612
-52785
-51153
-49207
-41750
-36341
-38753
-39300
-38071
-38667
-44780
-49826
-52513
-52944
-51379
-51308
-48350
-39795
-35332
-34783
-38220
-37922
-37107
-39619
-44595
-49456
-51496
-51232
-49923
-47765
-43723
-36981
-34736
-36033
-37577
-36759
-36790
-39818
-49867
-48677
-48679
-48281
-47558
-45510
-38926
-27530
-25609
-32526
-38555
-39900
-42950
-40769
-41586
-41834
-41681
-40753
-38730
-30307
-26457
-31970
-34485
-34553
-37750
-37601
-39638
-39947
-38561
-35000
-34155
-33569
-35573
-36558
-37499
-38078
-36734
-36851
-36230
-33659
-33807
-35732
-39953
-40418
-40296
-43129
-40474
-36803
-47818
-47642
-45503
-39593
-35073
-35196
-38695
-41184
-43194
-41754
-35335
-34011
-47933
-47225
-48082
-47172
-38991
-35630
-38269
-42578
-44701
-38609
-35292
-36704
4000
3986
4105
4465
4587
4482
4502
4581
4563
4608
4731
4777
3991
2146
-488
1156
7009
7787
5254
4638
4606
4667
4769
4838
3782
384
-2722
-2022
2783
4164
7804
8198
5432
4698
4753
4826
3971
1440
749
5188
7320
2336
3876
6729
8643
7343
4984
4940
3868
1858
-231
1189
3670
5330
7657
5650
5385
6968
9679
8232
4077
3100
1673
1296
-859
856
4244
6778
5695
6275
6585
4923
3679
4648
4634
3380
2099
-1136
-4421
3273
13841
15860
9942
3485
-1309
3444
4135
3518
3473
811
-1427
3632
8621
9815
9560
10390
-4325
-2397
-3322
-3173
510
3794
2159
3816
2891
3519
3594
5479
6179
8760
4620
1941
3172
2704
-3111
-4449
-4762
-3700
817
4514
1630
1755
-2494
-5840
-4221
-2639
-4269
1
829
1283
2829
5180
5549
5234
2383
-1295
-2963
-2936
-2481
-3509
-7460
-5306
1010
3318
221698
221656
221519
221500
221320
221500
221543
221416
221441
221373
221379
221287
222070
222674
219944
216731
214385
216388
220531
221458
221442
221384
221395
221263
222492
226004
223938
217160
210750
207732
212138
215593
220325
221454
221324
221259
222414
227165
226619
218472
211715
205427
206505
205741
212856
217679
221008
221189
222156
225541
227871
223242
218625
212402
208432
201181
203082
205140
211531
216290
221781
222595
224212
224203
225257
221967
218180
206905
203438
197594
199927
202512
219376
218210
218543
220026
221477
221367
218282
207556
202214
198928
198810
199782
214274
208763
207673
207707
209087
210339
211705
207386
204147
207835
207082
206866
219864
213984
213749
210626
207846
206708
208032
205689
204863
209228
214306
216155
214508
208938
213774
216149
213979
216518
215873
214584
212133
210416
210982
212605
217265
214887
219119
223643
219777
221285
221780
217158
210669
202922
200670
206212
219095
218123
220534
226596
223830
222169
221278
218730
214226
208036
203543
203894
270664
270494
270250
270213
270053
269779
269614
269041
268757
268572
268203
267976
270506
268551
264641
262452
263922
268442
269360
268873
268545
268043
267944
267529
269986
267548
259348
254956
257082
258116
262836
267363
268225
267668
267433
267331
269697
266008
254856
248259
256314
257362
255596
257064
263032
267526
267043
266998
270026
266982
262198
252768
250167
251433
255567
256769
255439
256465
261495
266193
269973
269302
267155
264552
255256
247959
246909
253978
260207
256194
255784
255704
267247
266632
266237
265652
263594
254242
245774
242552
257511
264549
267613
261611
257001
258120
259811
259156
259241
257469
255520
253679
255465
263384
265392
266214
252257
252262
254308
255840
261192
263018
259129
256965
259355
260885
261579
265391
248239
251551
252285
249814
253481
260906
263416
259739
257192
254911
262292
266420
262650
261666
260002
246973
242979
252594
258170
257134
256108
256768
261227
264568
268516
267502
264374
262749
249007
247663
254902
260197
260544
254470
254683
258844
40421
40503
40368
40104
39872
39676
39448
39330
39275
38994
38842
38700
40297
41562
44894
45852
43042
40721
39599
39275
39045
38900
38767
38517
40191
41875
43261
45717
47099
46118
42893
40400
39198
38744
38655
38376
40434
41604
42240
44156
47234
48379
46779
44527
41611
39486
38542
38204
40494
41845
44452
44359
46425
45918
48952
49286
46248
44415
41432
39171
40180
40943
42803
44914
45651
44908
48791
50212
50262
47218
45831
45642
41453
41444
41652
43145
44293
49263
54607
54200
49083
46826
47007
46345
47038
46980
46517
47056
47562
51141
52794
49332
46113
46764
45721
46024
39976
41989
45152
49404
50160
47616
45567
46036
47102
45882
47500
47146
41543
42970
44109
46300
47336
49636
45322
40947
40329
46754
49527
47459
43082
44156
44164
46955
48832
49303
45768
41673
44501
48126
46083
47256
42577
42923
44052
45902
47348
49518
48486
47628
46354
43634
42532
43938
-29864
-29787
-29808
-29799
-29792
-29900
-29876
-29813
-29747
-29875
-29824
-29793
-30094
-29867
-29276
-28045
-26911
-28080
-29494
-29860
-29958
-29867
-29736
-29831
-30103
-30503
-30917
-29142
-22948
-21335
-24648
-27734
-29441
-29840
-29812
-29709
-29677
-30379
-31007
-32781
-31108
-26200
-22226
-20581
-24975
-28492
-29810
-29821
-29439
-28459
-28004
-30540
-31429
-31048
-28744
-23670
-21498
-21026
-24907
-27931
-29762
-28713
-27162
-26273
-27818
-30671
-31456
-30576
-27672
-22801
-19624
-21052
-29062
-28545
-27574
-26456
-25410
-24631
-26987
-31022
-34671
-29797
-26070
-24255
-27241
-23760
-23058
-23054
-22355
-21607
-22880
-25970
-29151
-29684
-30795
-30151
-28245
-22895
-20455
-21152
-23270
-25135
-25636
-29313
-30493
-28198
-25574
-29831
-33295
-32394
-31599
-33594
-34090
-30786
-30927
-31882
-28082
-26086
-27907
-29692
-28423
-27037
-27125
-28194
-32982
-36394
-31884
-31070
-29466
-32330
-33897
-28616
-27028
-26247
-25354
-26971
-30509
-33843
-33330
-31312
-31532
-29971
-29800
-29015
