-128
-126
-128
-123
-128
-128
-128
-123
-128
-126
-128
-123
-120
-128
-128
-122
-128
-128
-128
-123
-125
-128
-128
-119
-123
-126
-119
-121
-128
-128
-128
-105
-128
-80
-109
-107
-128
-128
-128
-102
-128
-128
-128
-118
-128
-128
-128
-112
-128
-126
-128
-122
-128
-128
-128
-118
-127
-97
-108
-119
-122
-128
-128
-121
-128
-128
-117
-128
-117
-128
-128
-112
-128
-128
-121
-121
-128
-128
-128
-103
-128
-81
-101
-121
-128
-128
-121
-95
-128
-128
-116
-128
-122
-128
-128
-110
-128
-126
-127
-111
-128
-128
-128
-114
-128
-94
-114
-112
-128
-128
-124
-98
-128
-128
-104
-119
-126
-128
-128
-117
-128
-128
-119
-125
-128
-128
-115
-98
-118
-102
-101
-124
-128
-128
-118
-103
-96
-128
-104
-128
-128
-128
-121
-125
-128
-125
-128
-119
-128
-128
-128
-122
-128
-99
-112
-109
-128
-128
-128
-95
-128
-95
-104
-111
-128
-128
-118
-105
-117
-128
-85
-124
-128
-128
-103
-102
-118
-128
-101
-124
-128
-128
-128
-110
-89
-128
-113
-128
-128
-128
-124
-127
-128
-125
-128
-121
-128
-128
-128
-123
-128
-125
-128
-108
-128
-128
-128
-108
-128
-97
-109
-113
-128
-128
-118
-97
-109
-128
-80
-84
-128
-128
-122
-121
-121
-128
-106
-125
-128
-128
-128
-112
-104
-128
-114
-128
-128
-128
-125
-122
-128
-125
-128
-120
-128
-128
-128
-123
-128
-124
-128
-120
-128
-128
-128
-123
-128
-114
-109
-104
-128
-128
-128
-92
-128
-103
-103
-102
-128
-128
-128
-106
-124
-128
-109
-118
-128
-128
-121
-110
-117
-128
-102
-119
-128
-128
-128
-119
