-126
-126
-126
-125
-126
-126
-126
-126
-126
-126
-126
-126
-126
-126
-125
-126
-126
-126
-126
-125
-126
-126
-126
-126
-126
-126
-126
-126
-126
-126
-126
-126
-125
-126
-125
-126
-126
-126
-126
-126
-126
-126
-126
-126
-126
-126
-126
-126
-126
-126
-125
-125
-115
-126
-126
-126
-126
-126
-126
-126
-126
-126
-126
-125
-126
-126
-126
-126
-126
-126
-125
-128
-126
-126
-128
-126
-126
-126
-126
-126
-126
-128
-127
-111
-112
-126
-126
-126
-126
-126
-126
-126
-126
-125
-125
-126
-126
-126
-126
-126
-126
-128
-126
-123
-121
-122
-120
-122
-127
-126
-126
-126
-128
-126
-123
-116
-117
-128
-126
-126
-126
-126
-126
-126
-125
-126
-125
-126
-126
-126
-126
-126
-128
-118
-118
-124
-124
-122
-118
-122
-122
-123
-128
-128
-123
-126
-124
-118
-113
-119
-126
-126
-126
-126
-126
-125
-125
-125
-126
-126
-126
-126
-126
-126
-127
-117
-116
-115
-120
-124
-125
-124
-120
-115
-117
-126
-121
-124
-124
-120
-111
-121
-126
-126
-126
-126
-125
-125
-126
-126
-126
-126
-125
-128
-128
-127
-128
-128
-118
-114
-117
-122
-125
-123
-123
-117
-117
-128
-121
-123
-125
-119
-113
-120
-126
-126
-126
-125
-126
-126
-126
-126
-125
-128
-125
-122
-122
-122
-122
-124
-128
-123
-116
-113
-119
-123
-125
-121
-118
-122
-126
-125
-125
-119
-115
-119
-126
-126
-126
-126
-126
-126
-126
-126
-128
-118
-124
-124
-124
-120
-118
-120
-122
-126
-128
-116
-116
-125
-125
-125
-120
-120
-125
-125
-125
-125
-115
-113
-126
-125
-126
-126
-126
-126
-126
-126
-121
-117
-115
-119
-122
-124
-124
-122
-122
-118
-117
-121
-118
-123
-123
-124
-119
-122
-125
-125
-126
-126
-113
-114
-125
-126
-126
-126
-126
-126
-126
-126
-128
-126
-114
-115
-116
-124
-125
-123
-122
-116
-118
-123
-119
-122
-126
-126
-116
-124
-126
-126
-126
-123
-114
-125
-126
-126
-126
-126
-126
-125
-128
-122
-124
-128
-128
-120
-115
-113
-117
-123
-124
-124
-119
-119
-124
-125
-126
-118
-124
-125
-125
-126
-126
-124
-126
-126
-126
-126
-126
-125
-127
-125
-122
-120
-121
-119
-123
-128
-126
-113
-115
-121
-126
-123
-119
-124
-125
-127
-119
-124
-125
-125
-126
-126
-126
-126
-126
-126
-126
-126
-126
-126
-118
-118
-120
-124
-121
-119
-121
-120
-122
-127
-115
-114
-121
-124
-123
-125
-126
-120
-125
-125
-125
-126
-126
-125
-126
-125
-126
-126
-126
-126
-126
-126
-127
-116
-116
-118
-125
-125
-125
-121
-116
-116
-128
-118
-124
-124
-124
-126
-123
-125
-125
-125
-125
-126
-125
-126
-126
-126
-126
-126
-126
-126
-126
-125
-128
-127
-117
-116
-117
-124
-123
-124
-119
-117
-120
-123
-125
-124
-125
-122
-125
-125
-125
-125
-126
-125
-126
-126
-126
-126
-126
-126
-126
-125
-125
-123
-122
-128
-128
-116
-116
-113
-121
-125
-124
-120
-124
-125
-125
-125
-124
-124
-125
-125
-125
-125
-126
-126
-126
-126
-126
-126
-126
-126
-126
-128
-123
-119
-120
-119
-121
-128
-121
-114
-114
-118
-124
-124
-125
-126
-123
-124
-124
-125
-125
-125
-126
-125
-126
-126
-126
-126
-126
-126
-126
-126
-128
-120
-117
-123
-122
-120
-122
-121
-116
-126
-121
-124
-125
-124
-125
-123
-125
-124
-125
-125
-125
-126
-125
-126
-126
-126
-126
-126
-126
-126
-125
-126
-126
-120
-117
-115
-123
-125
-123
-119
-117
-122
-123
-125
-124
-124
-123
-125
-124
-125
-125
-125
-126
-125
-126
-126
-126
-126
-126
-126
-125
-125
-126
-126
-126
-126
-122
-118
-115
-117
-123
-125
-119
-122
-125
-125
-123
-124
-125
-124
-125
-125
-124
-125
-125
-126
-125
-126
-126
-126
-126
-126
-126
-126
-126
-126
-126
-126
-126
-125
-115
-115
-117
-121
-124
-125
-125
-124
-124
-125
-124
-125
-124
-124
-124
-125
-125
-126
-126
-126
-126
-126
-126
-126
-126
-126
-126
-126
-126
-126
-126
-126
-126
-119
-117
-122
-125
-125
-125
-125
-125
-125
-125
-124
-124
-125
-125
-125
-125
-126
-126
-126
-126
-126
-126
-126
-126
-126
-126
-126
-126
-126
-126
-126
-126
-127
-121
-121
-125
-125
-125
-124
-124
-125
-124
-124
-125
-125
-125
-126
-126
-126
-126
-125
-126
-126
-126
-126
-126
-126
-126
-126
-126
-126
-126
-126
-126
-128
-118
-117
-123
-125
-125
-125
-125
-124
-125
-125
-125
-125
-126
-126
-126
-126
-126
-126
-126
-126
-126
-126
-126
-126
-126
-126
-126
-126
-126
-126
-126
-126
-121
-115
-115
-123
-125
-125
-125
-125
-125
-125
-126
-126
-126
-126
-126
-126
-126
-126
-126
-126
-126
-126
-126
-126
-126
-126
-126
-126
-126
-126
-126
-126
-127
-122
-115
-114
-118
-123
-124
-125
-125
-126
-126
-126
-126
-126
-126
-126
-126
-126
-126
-126
-126
-126
-126
-126
-126
-126
-126
-126
-126
-126
-126
-126
-126
-126
-125
-115
-114
-115
-115
-118
-126
-126
-126
-126
-126
-126
-126
-126
-126
-126
-126
-126
-126
-126
-126
-126
-126
-126
-126
-126
-126
-126
-126
-126
-126
-126
-126
-126
-127
-122
-116
-125
-126
-126
-126
-126
-126
-126
-126
-126
-126
-126
-126
-126
-126
-126
-126
-126
-126
-126
-126
-126
-126
-126
-126
-126
-126
-126
-127
-126
-126
-126
-125
-126
-126
-126
-126
-126
-126
-126
-126
-126
-126
-126
-126
-126
-126
-126
-126
-126
-126
-126
-126
-126
-126
-126
-126
-126
-126
-126
-126
-126
-126
-119
-118
-118
-118
-118
-117
-117
-117
-117
-117
-117
-117
-116
-116
-116
-116
-116
-115
-115
-115
-116
-115
-114
-114
-113
-113
-113
-113
-112
-112
-112
-118
-118
-118
-118
-118
-118
-117
-117
-117
-117
-117
-117
-116
-116
-116
-116
-116
-115
-115
-119
-126
-128
-115
-114
-113
-113
-113
-113
-112
-112
-111
-118
-118
-118
-117
-117
-117
-117
-117
-120
-128
-128
-127
-118
-117
-116
-116
-116
-115
-114
-110
-123
-124
-123
-114
-113
-113
-113
-113
-112
-112
-111
-118
-118
-118
-118
-117
-117
-117
-117
-113
-128
-128
-128
-128
-128
-125
-117
-116
-115
-114
-106
-120
-125
-128
-128
-115
-113
-113
-112
-112
-112
-111
-119
-118
-118
-118
-117
-117
-117
-117
-102
-99
-124
-128
-128
-128
-128
-128
-128
-128
-117
-104
-108
-125
-127
-127
-128
-117
-113
-112
-112
-112
-111
-119
-118
-118
-118
-117
-117
-117
-117
-112
-98
-97
-100
-119
-128
-128
-128
-128
-128
-128
-117
-102
-113
-125
-126
-125
-128
-115
-113
-112
-112
-111
-118
-118
-118
-118
-117
-117
-120
-128
-127
-119
-109
-98
-97
-97
-113
-128
-128
-128
-128
-127
-128
-113
-116
-124
-125
-125
-128
-115
-112
-112
-111
-118
-118
-118
-118
-117
-118
-117
-128
-128
-128
-128
-128
-119
-102
-97
-94
-105
-127
-127
-126
-127
-128
-128
-126
-125
-125
-125
-128
-121
-111
-111
-119
-118
-118
-118
-117
-113
-104
-117
-128
-128
-128
-128
-128
-128
-128
-116
-97
-103
-118
-126
-126
-127
-128
-128
-126
-125
-127
-127
-128
-125
-111
-119
-118
-118
-118
-117
-117
-103
-99
-98
-108
-126
-128
-128
-128
-128
-128
-128
-120
-103
-108
-127
-126
-124
-126
-128
-124
-124
-127
-127
-128
-121
-119
-118
-118
-118
-117
-117
-117
-116
-104
-97
-97
-99
-121
-128
-128
-128
-128
-128
-128
-108
-114
-126
-126
-127
-128
-126
-125
-126
-126
-127
-128
-118
-118
-118
-118
-117
-117
-119
-128
-128
-127
-111
-98
-97
-96
-104
-127
-128
-127
-127
-128
-128
-125
-126
-125
-128
-126
-127
-126
-126
-126
-128
-118
-118
-117
-117
-117
-117
-110
-119
-128
-128
-128
-128
-122
-103
-93
-95
-103
-128
-127
-126
-128
-126
-125
-124
-128
-126
-126
-126
-126
-127
-128
-118
-118
-118
-117
-117
-117
-103
-100
-105
-124
-128
-128
-128
-128
-128
-128
-99
-97
-107
-128
-128
-128
-127
-124
-128
-126
-127
-126
-126
-126
-128
-118
-118
-117
-117
-117
-117
-116
-108
-98
-97
-102
-126
-128
-128
-128
-128
-128
-128
-101
-114
-127
-127
-128
-127
-128
-126
-126
-127
-126
-126
-128
-118
-118
-117
-117
-117
-117
-117
-117
-117
-107
-98
-97
-100
-124
-128
-128
-128
-128
-128
-128
-128
-127
-128
-127
-128
-127
-126
-126
-126
-126
-127
-118
-118
-118
-117
-117
-117
-117
-117
-122
-128
-128
-111
-94
-95
-94
-117
-128
-128
-127
-128
-127
-127
-128
-128
-127
-128
-126
-126
-126
-127
-127
-118
-118
-117
-117
-117
-117
-117
-114
-106
-126
-128
-128
-128
-127
-103
-98
-97
-102
-127
-128
-128
-128
-128
-128
-128
-128
-127
-126
-126
-127
-127
-118
-118
-117
-117
-117
-117
-117
-116
-99
-97
-117
-128
-128
-128
-128
-128
-128
-99
-110
-128
-128
-128
-128
-128
-128
-128
-128
-127
-126
-126
-128
-118
-118
-117
-117
-117
-117
-117
-116
-114
-100
-97
-97
-114
-127
-128
-128
-128
-128
-128
-128
-128
-128
-128
-128
-128
-128
-128
-128
-127
-126
-127
-118
-118
-117
-117
-117
-117
-117
-116
-116
-116
-111
-100
-97
-97
-105
-123
-128
-128
-128
-128
-128
-127
-128
-128
-128
-128
-128
-128
-128
-126
-125
-118
-118
-118
-117
-117
-117
-117
-116
-116
-116
-116
-115
-114
-102
-96
-97
-96
-118
-128
-128
-128
-127
-128
-128
-128
-128
-128
-128
-127
-126
-126
-118
-118
-117
-117
-117
-117
-117
-116
-116
-116
-116
-115
-115
-115
-115
-110
-96
-94
-101
-126
-128
-128
-128
-128
-128
-128
-128
-127
-127
-126
-125
-118
-118
-117
-117
-117
-116
-116
-116
-116
-116
-115
-115
-115
-115
-114
-114
-114
-105
-97
-96
-125
-128
-127
-127
-127
-127
-127
-128
-127
-126
-126
-118
-118
-117
-117
-116
-117
-116
-116
-116
-116
-116
-115
-115
-115
-114
-114
-114
-113
-109
-94
-93
-112
-127
-128
-127
-127
-127
-127
-127
-127
-126
-118
-118
-117
-117
-117
-116
-116
-116
-116
-116
-115
-115
-115
-115
-114
-114
-113
-113
-113
-110
-96
-91
-90
-111
-126
-128
-127
-127
-127
-127
-127
-118
-118
-117
-117
-117
-116
-116
-116
-116
-116
-116
-115
-115
-115
-114
-114
-113
-113
-112
-112
-112
-108
-94
-90
-90
-101
-119
-125
-127
-128
-128
-118
-117
-117
-117
-117
-117
-117
-116
-116
-116
-115
-115
-115
-114
-114
-113
-113
-113
-113
-112
-112
-111
-111
-109
-96
-90
-91
-90
-95
-105
-116
-118
-118
-117
-117
-117
-116
-116
-116
-116
-116
-115
-115
-115
-114
-114
-113
-113
-113
-113
-112
-112
-111
-111
-111
-110
-110
-107
-97
-91
-90
-91
-118
-117
-117
-117
-117
-116
-116
-116
-116
-115
-115
-115
-115
-114
-114
-113
-113
-113
-112
-112
-112
-111
-111
-111
-110
-110
-110
-109
-109
-109
-108
-118
-117
-117
-117
-117
-117
-116
-116
-116
-116
-115
-115
-114
-114
-114
-113
-113
-113
-112
-112
-112
-111
-111
-111
-110
-110
-110
-109
-109
-109
-108
-24
-24
-22
-21
-20
-19
-19
-19
-18
-17
-16
-15
-14
-13
-11
-10
-8
-7
-6
-5
-5
-3
0
2
3
4
5
7
9
10
11
-24
-23
-22
-20
-20
-19
-19
-18
-17
-17
-17
-15
-14
-13
-11
-10
-8
-7
-5
-8
-59
-42
-1
1
3
4
6
8
9
11
11
-23
-22
-21
-19
-19
-19
-18
-18
-19
-38
-55
-38
-20
-13
-11
-10
-8
-7
-5
-19
-76
-88
-27
1
4
5
6
8
9
10
12
-23
-22
-21
-19
-19
-18
-17
-18
-27
-79
-99
-93
-79
-60
-35
-12
-9
-7
-5
-13
-56
-79
-78
-42
-4
5
7
8
9
11
13
-23
-22
-20
-19
-19
-18
-17
-17
-20
-46
-74
-99
-102
-97
-86
-68
-58
-42
-12
-8
-30
-74
-81
-88
-64
-12
7
8
10
12
14
-24
-22
-20
-20
-19
-18
-18
-18
-18
-18
-27
-54
-71
-88
-89
-92
-96
-94
-67
-37
-27
-46
-74
-78
-83
-64
-4
8
10
12
14
-24
-22
-21
-20
-19
-19
-19
-34
-41
-21
-19
-26
-22
-38
-55
-83
-95
-92
-86
-83
-59
-58
-58
-66
-72
-79
-56
-5
10
12
14
-23
-22
-21
-20
-19
-19
-36
-84
-95
-83
-71
-58
-30
-20
-27
-33
-52
-77
-79
-79
-85
-83
-75
-70
-69
-71
-77
-57
-20
13
15
-24
-22
-21
-20
-19
-19
-32
-64
-91
-101
-103
-100
-85
-64
-54
-45
-46
-50
-51
-75
-78
-86
-92
-84
-68
-66
-71
-79
-83
-21
15
-24
-21
-21
-20
-19
-19
-19
-22
-41
-59
-82
-92
-91
-94
-100
-97
-78
-57
-48
-55
-71
-76
-78
-87
-73
-64
-67
-76
-88
-84
-18
-23
-21
-20
-20
-19
-19
-18
-17
-21
-21
-28
-47
-63
-89
-97
-99
-95
-94
-68
-64
-59
-69
-72
-79
-83
-64
-66
-73
-81
-94
-94
-22
-21
-20
-19
-19
-18
-18
-40
-61
-40
-20
-22
-22
-37
-54
-78
-85
-84
-88
-93
-70
-67
-68
-76
-76
-67
-68
-70
-75
-85
-99
-22
-21
-19
-19
-18
-17
-22
-64
-95
-95
-77
-59
-36
-22
-29
-31
-46
-72
-84
-84
-81
-67
-66
-73
-69
-66
-67
-68
-71
-79
-91
-22
-20
-19
-18
-17
-17
-17
-28
-52
-79
-96
-95
-88
-73
-62
-59
-56
-50
-49
-73
-79
-74
-69
-73
-69
-65
-67
-67
-69
-75
-85
-21
-20
-19
-18
-17
-17
-16
-16
-17
-28
-51
-74
-92
-95
-99
-100
-83
-59
-56
-52
-76
-77
-74
-75
-72
-66
-66
-67
-68
-72
-80
-21
-20
-18
-17
-17
-17
-16
-16
-15
-15
-22
-26
-50
-74
-98
-94
-89
-90
-87
-75
-74
-76
-78
-75
-74
-66
-66
-66
-67
-70
-76
-21
-20
-18
-18
-17
-17
-16
-15
-20
-62
-52
-28
-26
-31
-46
-63
-83
-87
-88
-83
-74
-74
-78
-76
-74
-68
-66
-65
-66
-69
-74
-21
-19
-19
-18
-17
-16
-16
-16
-31
-80
-101
-85
-62
-48
-42
-48
-52
-48
-70
-82
-77
-76
-79
-79
-74
-69
-66
-65
-65
-68
-74
-21
-19
-19
-18
-17
-16
-16
-15
-16
-35
-66
-93
-93
-92
-85
-76
-58
-50
-53
-80
-81
-83
-82
-77
-75
-72
-69
-66
-65
-68
-74
-21
-19
-19
-18
-17
-16
-16
-14
-13
-13
-19
-42
-57
-81
-94
-96
-92
-81
-79
-77
-78
-82
-82
-76
-76
-72
-72
-70
-67
-68
-72
-22
-20
-19
-18
-17
-16
-15
-13
-13
-12
-11
-10
-13
-31
-52
-72
-84
-86
-86
-76
-77
-79
-79
-75
-75
-74
-73
-72
-69
-68
-68
-22
-20
-19
-18
-17
-16
-14
-13
-12
-11
-10
-9
-8
-8
-9
-17
-35
-55
-81
-76
-75
-76
-75
-75
-75
-74
-73
-72
-68
-65
-65
-22
-20
-19
-18
-16
-16
-14
-13
-12
-11
-10
-8
-7
-6
-5
-3
-3
-9
-36
-65
-74
-73
-74
-74
-74
-73
-72
-70
-66
-64
-64
-22
-19
-18
-17
-16
-15
-13
-12
-12
-10
-9
-8
-7
-6
-3
-2
-1
2
0
-24
-61
-73
-72
-71
-72
-71
-72
-70
-67
-64
-63
-21
-19
-17
-16
-15
-14
-13
-12
-11
-10
-9
-7
-6
-4
-2
-1
1
3
4
3
-14
-40
-69
-71
-71
-70
-71
-69
-68
-65
-64
-20
-18
-17
-16
-14
-13
-12
-11
-11
-10
-8
-7
-6
-4
-2
0
2
4
6
8
9
6
-17
-38
-66
-71
-70
-69
-68
-67
-65
-20
-18
-17
-16
-14
-13
-12
-11
-10
-10
-8
-7
-6
-4
-1
1
3
5
7
9
11
13
14
9
-12
-30
-52
-67
-68
-69
-69
-20
-18
-17
-16
-15
-14
-13
-11
-10
-9
-8
-6
-5
-3
-1
2
4
5
7
9
11
13
14
15
16
16
7
-8
-19
-33
-49
-20
-18
-18
-16
-15
-14
-13
-11
-10
-8
-7
-6
-4
-2
0
2
4
6
8
9
12
14
15
16
17
20
22
23
23
20
14
-20
-19
-18
-16
-15
-14
-12
-10
-10
-8
-7
-5
-4
-1
1
3
4
6
8
10
12
14
15
16
18
20
22
23
24
26
29
-20
-19
-18
-16
-15
-14
-12
-10
-10
-8
-7
-5
-3
-1
1
3
5
6
9
11
12
14
15
17
18
20
22
24
26
27
29
-123
-123
-123
-123
-123
-123
-123
-123
-123
-123
-123
-123
-123
-123
-123
-123
-123
-123
-123
-123
-123
-123
-123
-123
-123
-123
-123
-123
-123
-123
-123
-123
-123
-123
-123
-123
-123
-123
-123
-123
-123
-123
-123
-123
-123
-123
-123
-123
-123
-123
-118
-124
-128
-123
-123
-123
-123
-123
-123
-123
-123
-122
-123
-123
-123
-123
-123
-123
-123
-123
-122
-128
-128
-128
-126
-123
-123
-123
-123
-123
-123
-112
-116
-114
-128
-123
-123
-123
-123
-123
-123
-123
-123
-123
-123
-123
-123
-123
-123
-123
-123
-114
-120
-122
-123
-124
-128
-128
-124
-124
-123
-123
-110
-113
-117
-121
-128
-128
-123
-123
-123
-123
-123
-123
-123
-123
-123
-123
-123
-123
-123
-123
-108
-105
-111
-122
-123
-122
-121
-125
-128
-128
-127
-108
-111
-120
-120
-118
-123
-128
-123
-123
-123
-123
-123
-123
-123
-123
-123
-123
-123
-123
-123
-118
-101
-100
-102
-109
-120
-122
-122
-122
-122
-125
-128
-110
-111
-119
-119
-117
-124
-128
-123
-123
-123
-123
-123
-123
-123
-123
-123
-123
-122
-128
-128
-126
-115
-100
-99
-101
-108
-119
-123
-122
-120
-120
-128
-118
-116
-119
-119
-118
-125
-128
-123
-123
-123
-123
-123
-123
-123
-123
-121
-117
-122
-122
-124
-128
-128
-128
-106
-101
-100
-103
-116
-121
-119
-119
-120
-128
-123
-120
-120
-119
-123
-128
-123
-123
-123
-123
-123
-123
-123
-119
-109
-109
-118
-122
-122
-121
-121
-128
-128
-121
-103
-105
-110
-121
-119
-119
-119
-128
-123
-121
-121
-119
-119
-128
-123
-123
-123
-123
-123
-123
-122
-107
-103
-101
-105
-114
-121
-120
-121
-121
-123
-125
-126
-110
-113
-118
-119
-117
-117
-127
-120
-121
-120
-119
-122
-128
-123
-123
-123
-123
-123
-123
-123
-121
-108
-100
-100
-103
-111
-121
-121
-120
-119
-119
-125
-118
-113
-120
-120
-119
-126
-123
-121
-120
-118
-118
-120
-123
-123
-123
-123
-123
-123
-122
-128
-128
-128
-118
-101
-101
-99
-103
-114
-120
-119
-119
-120
-126
-122
-122
-119
-123
-122
-122
-121
-120
-118
-118
-123
-123
-123
-123
-123
-123
-111
-114
-119
-121
-124
-128
-128
-107
-97
-101
-104
-117
-120
-119
-121
-123
-122
-118
-123
-122
-123
-122
-121
-119
-119
-123
-123
-123
-123
-123
-123
-110
-103
-104
-113
-120
-121
-121
-123
-128
-128
-111
-107
-107
-118
-122
-124
-124
-118
-124
-123
-123
-122
-122
-121
-120
-123
-123
-123
-123
-123
-123
-123
-112
-102
-101
-103
-113
-122
-121
-119
-120
-120
-128
-109
-108
-121
-121
-124
-122
-125
-123
-123
-123
-122
-121
-121
-123
-123
-123
-123
-123
-123
-123
-123
-123
-113
-101
-101
-102
-112
-122
-122
-120
-119
-118
-126
-122
-122
-123
-122
-123
-123
-123
-123
-122
-121
-121
-123
-123
-123
-123
-123
-123
-123
-122
-120
-128
-128
-120
-99
-99
-98
-108
-120
-121
-120
-122
-123
-122
-122
-123
-123
-124
-123
-123
-123
-122
-122
-123
-123
-123
-123
-123
-123
-123
-120
-111
-114
-121
-121
-128
-128
-106
-103
-106
-104
-115
-123
-124
-123
-123
-124
-123
-124
-123
-123
-122
-122
-122
-123
-123
-123
-123
-123
-123
-123
-122
-105
-103
-107
-120
-121
-121
-121
-122
-128
-105
-105
-122
-122
-124
-123
-122
-123
-124
-124
-124
-122
-122
-123
-123
-123
-123
-123
-123
-123
-123
-123
-121
-104
-101
-101
-107
-117
-122
-121
-120
-120
-128
-122
-121
-122
-124
-123
-123
-123
-123
-124
-123
-122
-122
-123
-123
-123
-123
-123
-123
-123
-123
-123
-123
-118
-103
-101
-101
-104
-113
-121
-119
-123
-123
-122
-121
-122
-123
-122
-124
-123
-124
-124
-122
-121
-123
-123
-123
-123
-123
-123
-123
-123
-123
-123
-123
-123
-121
-107
-99
-101
-101
-108
-122
-123
-123
-122
-122
-123
-123
-123
-123
-123
-123
-122
-122
-123
-123
-123
-123
-123
-123
-123
-123
-123
-123
-123
-123
-123
-123
-123
-118
-102
-101
-103
-117
-123
-123
-122
-123
-123
-123
-123
-123
-123
-123
-122
-123
-123
-123
-123
-123
-123
-122
-123
-123
-123
-123
-123
-123
-123
-123
-123
-123
-114
-101
-103
-115
-123
-123
-122
-122
-122
-123
-123
-124
-123
-123
-123
-123
-123
-123
-123
-123
-123
-123
-123
-123
-123
-123
-123
-123
-123
-123
-123
-123
-119
-103
-102
-107
-121
-123
-123
-123
-123
-123
-123
-124
-124
-123
-123
-123
-123
-123
-123
-123
-123
-123
-123
-123
-123
-123
-123
-123
-123
-123
-123
-123
-121
-105
-100
-98
-107
-120
-123
-123
-123
-123
-124
-124
-123
-123
-123
-123
-123
-123
-123
-123
-123
-123
-123
-123
-123
-123
-123
-123
-123
-123
-123
-123
-123
-120
-102
-99
-98
-104
-113
-121
-123
-124
-124
-123
-123
-123
-123
-123
-123
-123
-123
-123
-123
-123
-123
-123
-123
-123
-123
-123
-123
-123
-123
-123
-123
-123
-121
-105
-98
-99
-98
-102
-105
-112
-123
-123
-123
-123
-123
-123
-123
-123
-123
-123
-123
-123
-123
-123
-123
-123
-123
-123
-123
-123
-123
-123
-123
-123
-123
-123
-119
-107
-98
-97
-98
-123
-123
-123
-123
-123
-123
-123
-123
-123
-123
-123
-123
-123
-123
-123
-123
-123
-123
-123
-123
-123
-123
-123
-123
-123
-123
-123
-123
-123
-123
-122
-123
-123
-123
-123
-123
-123
-123
-123
-123
-123
-123
-123
-123
-123
-123
-123
-123
-123
-123
-123
-123
-123
-123
-123
-123
-123
-123
-123
-122
-123
-123
