15
15
16
16
16
17
18
18
18
19
19
19
19
19
20
20
20
20
20
21
21
22
22
22
23
23
23
23
24
24
26
26
27
27
28
28
29
29
29
30
30
30
31
31
31
32
34
35
35
35
36
36
37
37
37
38
38
39
40
40
40
41
41
41
15
15
16
16
17
16
17
18
18
19
19
19
19
20
20
20
20
20
20
21
21
21
22
22
23
23
23
24
24
24
25
26
27
27
28
28
29
29
29
30
30
30
31
31
31
33
34
34
35
35
36
36
37
37
38
38
39
40
40
40
41
41
41
42
15
15
16
16
16
17
17
17
18
19
19
19
20
20
20
20
20
20
20
21
21
21
22
22
23
23
23
23
24
24
26
26
27
27
28
28
29
29
29
29
30
28
25
31
31
32
34
34
35
35
36
36
37
37
38
38
39
40
40
41
41
41
41
41
15
16
16
16
16
17
17
17
19
19
19
19
20
20
20
20
20
20
21
21
21
22
22
22
22
23
24
24
24
25
26
26
27
27
28
28
29
29
30
29
18
-24
-39
-19
30
32
33
33
34
36
36
36
37
37
38
38
40
40
40
41
41
42
42
41
15
16
16
17
17
17
18
18
19
19
19
19
20
20
20
20
20
21
21
21
21
21
21
22
23
23
24
24
24
25
26
26
27
27
28
28
29
30
30
30
-10
-29
-43
-51
-5
33
32
33
34
35
36
36
37
37
38
38
40
40
41
41
41
42
42
42
15
16
16
17
18
18
18
19
19
19
19
19
20
20
20
20
20
20
21
20
15
16
20
21
22
23
23
24
24
25
26
26
27
27
28
28
29
30
30
28
-20
-28
-40
-51
-54
16
33
33
34
36
36
37
37
38
38
38
40
40
41
41
42
42
42
43
15
16
16
17
18
18
19
19
19
20
20
20
20
20
21
20
20
20
8
-27
-36
-40
-36
-23
-6
8
20
23
24
25
25
26
27
27
28
28
29
29
30
28
-18
-25
-30
-37
-45
-34
20
34
34
35
36
37
37
38
38
39
39
40
40
40
41
42
43
43
15
16
17
18
18
18
19
19
20
20
20
20
20
21
21
20
20
20
-16
-33
-38
-41
-43
-42
-41
-41
-35
-20
6
25
26
27
26
27
28
28
29
30
30
31
-13
-22
-25
-29
-35
-37
-35
7
34
36
36
37
37
38
38
39
39
40
40
41
41
42
43
43
15
16
17
18
18
18
19
19
20
20
20
20
20
21
21
21
20
20
-22
-34
-38
-40
-42
-42
-42
-41
-42
-42
-44
-27
0
20
26
25
27
28
29
30
30
31
4
-20
-21
-24
-30
-34
-35
-38
-29
12
36
36
38
38
39
39
40
40
40
41
42
43
43
44
15
16
17
17
17
18
19
19
20
20
20
20
20
21
21
21
21
21
-9
-34
-37
-39
-40
-42
-42
-41
-41
-42
-43
-39
-38
-36
-22
-8
4
21
29
29
30
31
26
-20
-20
-22
-27
-32
-33
-35
-40
-47
-14
36
38
38
39
39
40
40
40
41
43
43
44
44
15
16
17
17
17
18
19
19
19
20
20
20
20
21
21
21
21
21
20
-11
-33
-35
-38
-41
-41
-41
-41
-41
-38
-35
-35
-36
-38
-39
-39
-37
-19
8
29
30
32
-9
-20
-20
-25
-29
-30
-31
-34
-40
-48
-16
37
38
39
39
40
40
41
42
43
43
44
45
15
16
16
17
17
19
19
19
19
19
20
20
20
20
21
20
21
21
21
22
13
-17
-35
-38
-40
-41
-41
-38
-34
-33
-34
-35
-36
-38
-38
-39
-40
-43
-20
23
32
25
-20
-18
-20
-24
-27
-29
-30
-33
-38
-48
0
37
39
39
40
40
41
41
43
43
44
45
15
16
16
17
18
18
19
19
19
20
20
20
20
20
20
20
20
20
21
22
22
24
9
-21
-36
-39
-40
-35
-32
-32
-33
-34
-35
-37
-38
-38
-39
-40
-39
-34
7
33
15
-20
-15
-19
-23
-25
-26
-27
-30
-35
-44
5
39
38
39
40
41
41
42
43
44
44
15
15
16
17
18
18
18
19
19
20
20
20
20
20
20
21
20
20
20
21
22
22
22
24
14
-2
-22
-29
-29
-30
-32
-34
-35
-37
-37
-38
-37
-35
-33
-35
-40
-21
21
19
-19
-22
-19
-20
-23
-25
-26
-30
-34
-43
5
38
39
40
41
42
43
43
44
45
15
16
16
17
18
18
18
19
19
20
20
20
20
20
9
-18
-28
-23
-9
9
18
21
21
22
23
24
25
12
-15
-29
-32
-34
-35
-37
-38
-37
-35
-31
-29
-32
-35
-39
-40
-14
19
-12
-21
-15
-19
-21
-22
-25
-29
-32
-39
2
38
40
41
41
42
44
44
44
15
16
17
17
18
18
18
19
19
20
20
19
20
15
-28
-37
-41
-43
-44
-45
-38
-30
-19
-1
18
24
25
26
27
13
-11
-30
-35
-37
-37
-35
-31
-27
-26
-28
-31
-34
-38
-40
-38
-3
-5
-16
-15
-17
-19
-22
-25
-28
-29
-35
-9
35
41
42
43
44
45
45
15
15
17
17
18
18
18
19
19
19
19
19
20
0
-32
-37
-41
-43
-44
-45
-44
-43
-44
-46
-42
-16
12
24
24
27
27
22
-6
-30
-33
-33
-28
-25
-23
-24
-26
-30
-34
-37
-41
-46
-40
-22
-15
-15
-16
-18
-21
-23
-25
-27
-35
-33
20
43
44
44
45
45
15
16
17
17
18
18
18
19
19
19
20
20
19
2
-31
-35
-37
-40
-43
-43
-43
-43
-44
-46
-43
-42
-41
-29
-9
9
23
28
30
27
4
-26
-27
-24
-22
-21
-23
-26
-29
-30
-35
-42
-43
-37
-19
-16
-16
-17
-19
-21
-23
-26
-31
-41
-47
16
44
44
45
46
15
15
17
17
18
18
19
19
19
20
20
20
20
16
-20
-33
-35
-38
-41
-42
-42
-42
-43
-43
-40
-39
-40
-40
-41
-43
-40
-25
-12
7
28
24
-12
-23
-20
-20
-21
-23
-26
-30
-34
-37
-40
-46
-30
-18
-15
-16
-18
-20
-22
-24
-28
-39
-48
-47
28
44
45
46
15
15
17
18
18
18
19
19
19
20
20
20
20
19
18
1
-20
-34
-37
-40
-40
-41
-41
-39
-35
-36
-36
-39
-41
-42
-44
-45
-45
-44
-37
3
30
8
-21
-21
-22
-23
-26
-31
-28
-29
-36
-40
-41
-22
-14
-12
-14
-19
-22
-23
-27
-35
-45
-51
-38
37
44
45
15
15
17
18
18
18
19
19
19
20
20
20
20
20
20
21
22
10
-15
-31
-37
-38
-39
-35
-33
-32
-33
-36
-38
-41
-43
-46
-47
-47
-45
-45
-23
20
21
-18
-24
-26
-29
-25
-21
-24
-28
-31
-35
-34
-16
-11
-12
-15
-20
-24
-26
-33
-41
-47
-53
-39
26
45
15
15
17
18
18
18
19
19
19
20
20
20
20
20
21
21
21
21
22
19
-1
-23
-35
-32
-31
-32
-32
-34
-36
-39
-41
-44
-45
-45
-43
-42
-41
-40
-14
21
4
-25
-25
-17
-18
-19
-22
-26
-33
-47
-20
-12
-13
-14
-18
-22
-24
-30
-37
-43
-49
-53
-53
-5
15
16
17
18
18
18
19
19
19
20
20
20
20
20
21
21
21
21
21
23
24
24
14
-12
-28
-32
-33
-34
-35
-37
-41
-40
-38
-37
-36
-37
-38
-38
-40
-38
-4
21
-20
-15
-18
-19
-21
-24
-34
-46
-19
-13
-14
-15
-18
-20
-23
-26
-31
-37
-44
-49
-54
-56
15
16
17
18
18
19
19
19
19
20
20
20
20
20
20
15
-5
-5
8
21
22
24
25
27
20
-1
-24
-33
-35
-38
-40
-38
-35
-32
-30
-30
-33
-36
-39
-41
-42
-34
-19
-15
-17
-19
-20
-21
-35
-37
-19
-16
-16
-17
-18
-19
-21
-24
-27
-33
-40
-46
-50
-55
16
17
17
18
19
19
19
19
20
20
20
20
21
21
14
-28
-41
-44
-44
-29
-6
14
22
25
25
25
25
12
-9
-32
-38
-35
-33
-29
-28
-27
-29
-31
-35
-39
-43
-41
-21
-14
-15
-18
-18
-19
-33
-29
-18
-15
-17
-17
-17
-18
-20
-22
-25
-29
-35
-41
-46
-52
17
17
18
18
19
19
19
19
20
20
20
20
21
22
0
-33
-39
-42
-45
-45
-44
-43
-34
-12
14
24
25
27
28
27
6
-23
-33
-29
-27
-27
-27
-27
-30
-32
-35
-30
-24
-15
-14
-15
-17
-19
-36
-25
-16
-14
-16
-16
-17
-17
-18
-21
-24
-26
-31
-37
-42
-48
17
17
18
18
19
19
20
20
20
20
20
20
21
22
2
-31
-35
-38
-41
-43
-43
-44
-44
-46
-43
-25
2
20
26
27
30
30
12
-19
-29
-28
-27
-27
-28
-28
-28
-27
-27
-19
-13
-14
-15
-17
-38
-22
-14
-13
-16
-16
-16
-16
-17
-19
-21
-24
-29
-34
-39
-44
17
17
18
18
19
19
20
20
20
21
21
21
21
22
17
-22
-31
-33
-37
-40
-41
-42
-42
-41
-39
-40
-42
-41
-31
-13
7
20
28
30
8
-27
-29
-28
-28
-27
-27
-25
-29
-25
-18
-14
-14
-15
-35
-18
-14
-14
-15
-16
-15
-16
-16
-18
-20
-23
-28
-32
-36
-39
17
17
18
18
19
20
20
20
20
21
21
21
21
22
23
18
-1
-20
-31
-36
-38
-39
-40
-37
-35
-36
-37
-38
-41
-46
-49
-48
-44
-22
22
29
0
-29
-30
-27
-26
-23
-27
-27
-23
-20
-18
-15
-30
-21
-15
-13
-15
-17
-15
-15
-16
-17
-19
-22
-26
-30
-33
-36
17
18
18
18
19
19
20
20
20
21
21
21
21
22
22
22
23
22
3
-22
-31
-36
-37
-34
-33
-34
-35
-36
-37
-38
-40
-42
-46
-47
-45
-5
29
28
0
-25
-26
-23
-23
-26
-26
-22
-21
-18
-26
-24
-16
-14
-15
-16
-15
-15
-17
-17
-18
-20
-24
-28
-30
-33
17
18
18
19
19
20
20
20
21
21
21
21
21
22
22
22
22
22
25
22
6
-20
-33
-32
-33
-34
-35
-36
-37
-38
-40
-40
-40
-40
-41
-44
-40
-11
22
20
-25
-21
-21
-23
-26
-23
-21
-20
-22
-27
-17
-14
-14
-15
-15
-16
-16
-16
-17
-19
-23
-26
-28
-31
17
18
18
19
19
20
20
20
21
21
21
21
21
22
22
22
22
22
23
24
25
24
8
-17
-32
-34
-36
-37
-38
-41
-41
-38
-36
-35
-36
-37
-40
-45
-47
-33
-25
-21
-21
-21
-24
-26
-23
-22
-21
-26
-18
-15
-14
-15
-15
-16
-16
-16
-17
-19
-22
-25
-27
-29
18
18
18
19
19
20
20
21
21
21
21
21
21
22
22
22
22
23
23
24
24
24
25
24
10
-17
-34
-37
-39
-42
-41
-37
-34
-32
-31
-31
-33
-37
-43
-45
-23
-19
-21
-22
-23
-24
-25
-21
-19
-24
-19
-16
-15
-15
-14
-15
-15
-15
-16
-18
-20
-23
-26
-28
18
18
18
19
19
20
20
21
21
21
21
21
21
22
22
22
22
23
10
-9
-7
12
23
23
25
27
12
-16
-33
-40
-41
-37
-34
-31
-30
-30
-31
-34
-37
-34
-27
-19
-20
-23
-23
-23
-25
-25
-18
-23
-21
-17
-15
-14
-14
-15
-15
-15
-16
-17
-19
-22
-24
-27
18
18
18
19
19
20
20
20
21
21
21
21
21
22
22
22
23
16
-29
-39
-45
-46
-28
-4
17
27
29
28
18
-9
-31
-36
-35
-32
-30
-29
-29
-31
-31
-29
-28
-22
-19
-20
-22
-24
-25
-27
-18
-22
-23
-18
-17
-15
-14
-15
-14
-15
-16
-17
-19
-22
-24
-25
18
18
19
19
19
20
20
20
21
21
21
21
21
22
22
22
22
8
-31
-37
-42
-45
-45
-46
-46
-30
0
22
28
29
25
6
-14
-30
-33
-32
-30
-31
-29
-28
-26
-25
-22
-19
-20
-25
-28
-30
-22
-20
-22
-18
-17
-15
-14
-14
-14
-15
-15
-17
-19
-21
-23
-25
18
18
19
19
20
20
20
20
21
21
21
21
21
22
22
22
22
14
-27
-36
-40
-42
-42
-42
-43
-45
-45
-39
-20
-3
10
20
29
26
4
-21
-33
-32
-30
-28
-26
-25
-25
-23
-22
-25
-31
-28
-23
-21
-21
-19
-17
-16
-15
-14
-14
-14
-15
-17
-19
-21
-22
-24
18
18
19
19
20
20
20
20
21
21
21
22
22
22
22
22
22
23
4
-29
-37
-39
-40
-40
-40
-41
-39
-37
-38
-41
-43
-44
-40
-14
27
32
14
-21
-29
-28
-27
-27
-27
-27
-27
-26
-27
-26
-21
-23
-23
-20
-18
-18
-16
-14
-14
-14
-14
-17
-19
-21
-22
-24
18
18
19
19
20
20
20
20
21
21
21
22
22
22
22
22
22
23
24
12
-23
-33
-37
-38
-38
-37
-34
-34
-36
-37
-39
-41
-45
-45
-39
-6
22
19
-28
-25
-26
-27
-29
-30
-29
-26
-27
-23
-20
-22
-23
-21
-19
-19
-18
-17
-15
-14
-14
-17
-20
-21
-22
-23
17
17
18
19
20
20
20
20
20
21
21
21
22
22
22
22
23
24
24
24
22
-1
-26
-35
-35
-32
-32
-33
-35
-37
-39
-40
-41
-38
-39
-40
-41
-26
-26
-23
-24
-25
-27
-29
-29
-27
-27
-23
-21
-23
-23
-20
-19
-19
-19
-18
-17
-16
-14
-16
-19
-21
-23
-24
17
17
18
19
20
20
20
20
21
21
21
21
22
22
22
23
24
24
24
25
24
26
18
-1
-22
-28
-29
-31
-35
-36
-39
-39
-37
-34
-34
-35
-38
-44
-33
-21
-23
-23
-25
-27
-30
-30
-27
-22
-21
-22
-25
-19
-19
-20
-20
-20
-18
-18
-15
-15
-18
-20
-23
-24
17
17
18
19
19
20
20
20
20
21
21
21
22
22
22
24
24
24
24
24
25
25
26
27
26
12
-9
-26
-32
-35
-37
-37
-34
-32
-31
-31
-33
-41
-30
-22
-22
-23
-24
-26
-29
-30
-25
-22
-21
-21
-24
-21
-20
-20
-20
-20
-19
-18
-17
-16
-17
-19
-22
-23
17
17
18
19
19
20
20
20
21
21
21
22
22
22
23
24
24
24
25
24
25
25
26
26
27
28
29
15
-6
-26
-33
-33
-31
-30
-29
-30
-31
-38
-25
-22
-22
-23
-23
-24
-28
-27
-24
-22
-21
-21
-23
-22
-20
-20
-21
-20
-19
-19
-17
-16
-16
-17
-18
-18
17
17
18
19
19
19
20
20
21
21
22
21
22
22
24
24
24
24
25
25
25
26
26
26
27
27
28
28
29
23
7
-12
-23
-25
-27
-29
-30
-34
-24
-22
-23
-23
-22
-23
-25
-23
-23
-22
-21
-21
-22
-22
-21
-20
-20
-22
-19
-18
-17
-15
-15
-15
-15
-16
17
17
17
19
19
19
20
20
20
21
21
22
22
22
24
24
24
25
25
25
26
25
26
27
27
27
28
28
28
29
30
31
25
5
-18
-25
-27
-30
-25
-22
-22
-22
-22
-22
-22
-22
-22
-22
-21
-21
-21
-21
-20
-20
-20
-20
-20
-16
-16
-15
-14
-14
-15
-17
17
17
18
19
19
19
20
20
21
21
22
22
22
22
23
24
23
25
25
25
26
26
26
27
27
28
28
28
29
29
30
31
31
33
30
2
-21
-25
-23
-22
-21
-21
-21
-21
-21
-21
-21
-21
-22
-21
-21
-20
-20
-20
-20
-20
-19
-16
-15
-14
-14
-13
-15
-16
17
17
18
19
19
20
20
20
21
21
22
22
22
22
23
24
24
25
25
25
26
26
27
27
27
28
28
29
29
29
30
31
31
32
32
34
24
-10
-20
-22
-22
-21
-21
-20
-20
-20
-21
-21
-21
-21
-21
-21
-20
-20
-19
-19
-18
-16
-14
-14
-13
-13
-13
-13
17
17
17
19
19
20
20
20
21
21
22
22
22
23
23
24
24
25
24
25
26
26
27
27
28
28
28
29
29
30
31
31
31
32
32
34
35
35
9
-20
-22
-21
-21
-20
-20
-20
-20
-20
-20
-20
-20
-20
-20
-20
-19
-19
-17
-16
-15
-14
-13
-13
-13
-14
17
17
18
19
19
20
20
21
21
22
22
22
23
24
24
24
25
25
25
26
26
27
27
27
28
28
29
29
29
30
31
32
32
32
33
34
35
36
37
13
-19
-21
-21
-20
-20
-20
-20
-19
-18
-20
-20
-18
-18
-20
-20
-19
-17
-16
-15
-14
-13
-13
-12
-13
17
17
18
19
20
20
20
21
21
22
22
22
24
24
24
24
25
25
25
26
26
27
27
28
28
28
29
29
30
31
32
32
32
33
34
35
35
36
36
37
18
-17
-21
-20
-20
-19
-19
-18
-18
-18
-18
-18
-18
-19
-19
-18
-18
-17
-16
-15
-14
-13
-13
-13
17
18
19
19
20
20
21
21
22
22
22
23
24
24
24
25
25
25
25
26
26
27
27
28
28
29
29
29
31
31
32
32
33
33
34
35
36
36
37
37
39
29
-3
-18
-20
-20
-20
-19
-19
-19
-18
-17
-18
-18
-18
-18
-17
-17
-16
-15
-15
-14
-14
-13
17
18
19
19
20
21
21
21
22
22
23
24
24
24
25
25
25
25
25
26
26
27
27
28
28
29
29
30
31
32
32
32
34
34
35
35
36
37
37
38
39
39
40
23
-8
-18
-20
-19
-19
-19
-19
-18
-18
-18
-18
-17
-17
-17
-16
-16
-15
-15
-14
-13
17
19
19
20
20
21
21
21
22
22
24
24
24
24
25
25
25
25
26
26
27
27
28
28
28
29
30
30
31
31
32
33
34
34
35
36
36
37
38
39
40
41
41
43
43
23
-6
-17
-18
-19
-19
-19
-18
-18
-18
-17
-17
-17
-16
-16
-16
-15
-15
-16
18
19
19
20
20
21
21
21
22
22
24
24
24
24
25
25
26
26
26
26
27
27
28
28
28
29
30
30
31
31
33
34
34
35
35
36
37
37
38
39
41
41
42
43
44
45
43
26
-3
-17
-19
-20
-20
-19
-19
-18
-18
-17
-17
-17
-16
-17
-17
-17
18
19
19
20
20
21
21
21
22
22
24
24
24
24
25
25
26
26
26
26
27
27
28
28
29
29
30
30
31
31
33
34
34
35
36
36
37
38
39
40
40
41
41
43
43
44
44
45
46
32
6
-13
-17
-18
-19
-19
-19
-18
-18
-18
-18
-18
-18
-18
18
19
19
20
20
21
21
22
22
22
24
24
23
24
24
25
25
26
26
26
27
27
28
28
29
29
30
30
31
32
33
34
35
35
36
37
37
38
39
40
40
41
41
43
43
44
44
44
45
46
47
41
23
3
-10
-12
-14
-16
-18
-19
-20
-20
-20
-20
17
19
19
20
20
20
21
21
22
22
23
23
24
23
24
25
25
25
26
26
27
28
28
28
29
30
30
31
31
32
33
34
35
35
36
37
38
38
39
40
40
41
41
43
43
44
44
44
45
45
46
47
49
50
45
31
14
-1
-7
-12
-16
-18
-18
-19
17
19
19
20
20
21
21
21
22
22
23
23
23
23
24
25
25
26
26
27
27
28
28
29
29
30
30
31
32
32
34
35
35
36
37
37
38
39
39
40
40
41
42
43
43
44
44
45
45
45
46
47
48
48
50
51
52
51
44
34
22
11
2
-8
17
18
19
20
20
20
21
21
22
22
22
23
23
23
24
25
25
26
26
27
27
28
28
29
30
30
31
31
32
33
34
35
35
36
37
37
38
38
39
40
40
42
42
43
44
44
45
45
45
46
46
47
48
49
50
50
50
51
52
53
54
55
55
50
17
18
19
20
20
20
21
21
22
22
23
23
23
24
24
26
26
26
26
27
28
28
28
29
30
30
31
31
33
33
34
35
36
36
37
37
38
39
39
40
40
42
42
43
44
44
45
45
46
46
47
48
48
49
50
50
50
50
51
51
53
54
55
56
17
17
19
20
20
20
21
21
22
22
23
23
23
25
25
26
26
26
26
27
28
28
28
29
30
30
31
32
33
34
34
35
36
36
37
37
38
39
39
40
41
42
43
43
44
44
45
45
46
46
47
48
49
49
50
50
50
50
51
52
53
54
54
55
17
18
19
20
20
20
21
21
22
22
23
23
23
24
25
26
26
26
26
27
28
28
28
29
31
30
31
32
33
34
34
35
36
36
37
37
38
39
40
40
41
42
43
43
44
44
45
45
46
46
47
48
49
49
50
51
51
52
52
52
53
55
55
56
17
18
19
20
20
20
21
21
22
22
23
23
23
24
25
26
26
26
26
27
28
28
28
29
31
31
32
33
33
34
34
35
36
36
37
38
38
40
41
41
42
42
43
43
44
44
45
45
46
46
47
47
48
49
50
51
51
52
52
53
54
54
55
56
18
18
19
20
20
20
21
21
22
22
22
23
23
24
24
26
26
26
26
27
28
28
28
29
30
31
32
33
33
34
34
35
36
37
37
38
38
40
41
41
42
42
43
43
44
45
45
46
46
47
47
48
49
50
50
51
52
52
53
53
54
54
56
56
