-121
-78
-179
-174
-138
-26
-246
-215
-117
-247
-271
-158
-45
-202
-260
-260
-260
-186
-143
-204
-229
-214
-212
-169
-299
-270
-236
-309
-193
-67
-137
-221
-277
-234
-290
-247
-377
-279
-344
-397
-340
-887
-733
-300
-149
-240
-398
-383
-381
-338
-394
-351
-476
-334
-431
-342
-302
-486
-431
-318
-475
-504
-37
-23
-139
-233
-119
-94
-201
-4
-62
-247
-242
-100
-202
-260
-260
-260
-284
-102
-88
-297
-115
-101
-188
-253
-378
-170
-116
-209
-149
7
-206
-221
-277
-234
-290
-247
-401
-224
10
-88
-3984
-7603
-7667
-3094
-199
-300
-483
-488
-352
-283
-394
-351
-407
-364
-444
-219
-335
-515
-373
-499
-473
-325
-48
-174
-148
5
-60
-161
-3
98
-189
-247
-173
-130
-260
-260
-260
-284
-171
-58
-215
-244
-186
-367
-296
-158
-167
-221
-224
-249
-91
-150
-264
-221
-277
-234
-290
-271
-288
-273
321
-3721
-5962
-1292
-738
-1526
-1888
-289
-429
-297
-320
-465
-394
-351
-407
-364
-415
-230
-486
-362
-348
-528
-455
-556
-78
-203
-154
-73
-19
-112
12
-4
-247
-247
-173
-130
-260
-260
-260
-231
-197
-246
-213
-643
-960
-622
-324
-278
-198
-266
-367
-238
-121
-208
-264
-221
-277
-234
-290
-242
-230
-353
-1316
-7887
-5165
252
5591
2174
-1641
-1295
-228
-193
-197
-365
-310
-320
-323
-309
-346
-260
-515
-373
-499
-375
-361
-639
-78
-134
-86
-143
-170
-87
-32
-213
-187
-132
-34
-75
-284
-176
-205
-191
96
-170
-3815
-6189
-6376
-6645
-6192
-4582
-2886
-1308
-489
-293
-97
-292
-319
-221
-277
-234
-290
-149
-344
-455
-3594
-6961
-2199
-1037
4076
7921
3336
-3041
-928
-154
-262
-460
-321
-418
-334
-460
-238
-289
-477
-463
-643
-525
-567
-457
-102
-74
122
-49
-229
-87
-213
-158
-114
-241
-172
-226
-171
-132
-332
-260
325
-3273
-5286
-1864
-504
-129
-530
-1842
-3984
-5652
-6244
-4043
-1140
-221
-29
-250
-332
-234
-290
-202
-249
-483
-4034
-5898
-1032
-877
65
6243
7405
300
-4639
-1750
-197
-267
-351
-407
-364
-489
-278
-405
-379
-505
-381
-362
-469
-399
-73
-56
-16
-176
-160
-117
-242
-100
-202
-260
-260
-255
-113
-313
-306
-205
-1124
-6516
-3999
-796
392
1555
2268
1808
1385
760
-137
-2488
-5388
-5049
-2156
-703
-349
-428
-345
-242
-230
-465
-4192
-4720
-64
-263
-227
1121
5181
5107
1099
-5610
-5659
-1632
-459
-378
-333
-336
-346
-349
-335
-515
-397
-341
-203
-398
-4
7
-164
-373
-215
-117
-173
-130
-260
-260
-260
-186
-143
-342
-341
-272
-3127
-5026
-1101
-241
164
597
783
590
990
1808
2813
2754
1852
-831
-4576
-6220
-5158
-3742
-2071
-534
-344
-371
-3972
-3118
-978
-152
-334
-139
513
3588
4393
2394
-1785
-6116
-3169
-262
-431
-347
-444
-360
-462
-446
-422
-297
-310
-412
-4
-22
-182
-235
-88
-117
-149
-214
-315
-260
-260
-186
-143
-273
-342
-312
-3998
-3301
1086
1409
631
724
572
759
649
465
295
1962
3960
3272
1741
131
-1827
-3280
-5100
-6392
-4713
-1459
-2444
-3547
-3259
561
-313
-395
78
441
1147
3823
4919
2027
-2934
-3178
-475
-377
-433
-390
-544
-386
-185
-214
-496
-436
20
-175
-276
-171
54
-62
-178
-179
-272
-315
-260
-162
-227
-304
-357
-328
-2372
-4109
-1696
3846
4157
1275
613
870
646
392
596
1491
1412
873
1559
2018
1656
1756
1542
580
-2648
-5505
-3897
-5028
-2493
1152
-140
-242
405
653
168
-185
2620
6919
3577
-1407
-2467
-432
-433
-390
-515
-344
-338
-426
-485
-437
-9
-164
-173
-34
14
-244
-247
-202
-119
-133
-260
-191
-192
-290
-377
-261
-481
-2501
-3164
-1735
873
4363
3903
1613
825
670
1253
1501
878
430
316
354
450
677
1810
3008
3267
2424
-2328
-7943
-5088
-180
1698
-185
402
570
461
203
-47
2708
7637
3868
-2807
-2041
-493
-529
-501
-334
-391
-441
-540
-344
-162
-189
-86
-5
-108
-259
-302
-242
-100
-202
-260
-260
-191
-314
-165
-166
-250
-187
-916
-2704
-2926
-1860
1344
5051
5692
4102
2759
1505
728
438
312
196
211
437
388
232
2309
5347
4413
-152
-9271
-6875
1407
2119
-973
-184
635
551
96
-353
3429
6937
2643
-3444
-2381
-391
-374
-427
-330
-233
-358
-397
-67
-7
-17
-104
-165
-190
-175
-173
-130
-260
-260
-260
4
-243
-2916
-5477
-5747
-4660
-2664
-1048
-1523
-3060
-2577
-1087
785
3834
6177
4010
1131
209
166
177
176
329
339
601
1065
1564
3738
4551
1318
-5926
-8564
-1429
2498
426
297
518
409
239
-214
3589
6682
2586
-3522
-2367
-371
-374
-441
-504
-398
-358
-72
8
38
-104
-234
-160
-117
-173
-130
-236
-344
-195
153
-4111
-5831
-2958
-1643
-2011
-3994
-6039
-6480
-5762
-4833
-3420
-2324
-1404
-686
1668
4511
3914
1599
397
192
375
720
1203
1515
936
186
1771
4464
2784
-1852
-6149
-4661
1585
1137
-102
499
341
-3
-279
3480
6381
2975
-3647
-3249
-633
-360
-286
-309
-385
-157
-116
-89
-104
-234
-160
-117
-149
-190
-404
-388
147
-2788
-7142
-3024
-247
1286
1884
1331
511
-596
-1297
-2621
-5359
-6096
-4331
-3423
-2781
-1419
1121
4650
5017
2239
1194
1169
1493
1351
632
281
342
515
2454
4221
450
-2636
-5099
-2955
-415
54
146
67
167
106
3307
5828
3430
-3805
-5566
-1476
-128
-324
-494
7
36
-147
-104
-234
-160
-117
-178
-232
-275
-68
-652
-5053
-4958
-570
239
673
569
1142
1687
1657
1895
1998
1880
910
-2810
-5934
-6517
-5568
-3827
-1825
51
4544
6502
3483
1749
1005
482
218
209
89
317
1043
3487
2081
-170
-395
-518
-330
-219
-194
-83
227
29
1863
4522
3668
-1731
-4705
-1839
-440
-479
-58
-88
-147
-104
-258
-76
-62
-271
-158
-114
-201
-1997
-3778
-2529
354
258
391
489
778
820
658
361
864
3132
3962
2623
929
-818
-3535
-6567
-9011
-8820
-5764
-1613
3811
4796
1730
700
342
-44
-35
229
117
-439
640
2793
1918
517
-461
-43
-50
-66
18
15
-401
57
3761
5420
395
-3307
-1378
-450
-77
-43
-63
-49
-229
-87
-189
-242
-100
-202
-329
-1564
-4333
-1837
3737
3045
985
684
833
819
637
437
1048
1609
1189
1830
2686
2276
1632
970
-217
-2350
-5298
-9581
-7986
-428
4791
2344
79
-233
-239
-60
-549
-358
776
1319
2653
2146
284
124
244
377
175
-141
-273
-859
-967
4529
6860
840
-3540
-826
-47
44
-74
-176
-160
-117
-247
-173
-130
-260
-260
-565
-2947
-2911
-806
2212
4592
4135
2178
1228
780
760
1352
1368
816
871
576
581
799
1719
1919
1877
2091
1207
-3339
-7985
-4590
2456
2790
63
-401
-914
-298
1048
654
163
2149
3390
1891
40
96
-38
35
223
-164
-968
-1227
-211
6369
6789
-959
-5647
-47
113
-104
-234
-160
-117
-247
-173
-130
-260
-260
-329
-392
-1364
-2172
-2008
-1321
865
4589
5446
3560
1720
1645
1112
587
228
162
437
360
464
530
800
1335
3949
4760
1232
-5398
-8456
-1937
4178
1385
-196
1484
1356
71
190
739
2294
1144
1066
215
-517
-486
-150
-109
-400
-965
-586
1234
6863
6169
-1636
37
168
-104
-234
-160
-117
-247
-173
-130
-260
-260
-260
-255
-113
-146
-1062
-2456
-2260
-1274
-78
2960
6121
5367
2045
522
76
-65
60
230
103
314
1109
1660
1770
2931
4990
3102
-1727
-5967
-6396
1237
3445
1895
349
-219
-239
-93
-268
796
3720
924
-307
-549
-705
-200
-325
-731
-275
125
1533
6067
5869
26
41
-104
-258
-76
-62
-247
-173
-130
-260
-260
-260
-162
-83
-208
-2163
-3506
-2905
-2463
-2721
-1947
-602
1556
4671
5093
2632
690
148
-65
-92
586
960
1289
1464
1424
1363
2793
4081
1259
-2551
-6220
-4961
1004
-30
-69
-305
-300
-1864
1640
4925
768
-326
-523
-634
-195
-268
-476
-343
-174
-2
472
4102
135
38
-128
-145
-32
-189
-271
-89
-75
-260
-284
-200
92
337
-3847
-6322
-4372
-4525
-5573
-5046
-3161
-3162
-2566
-1475
-43
3121
5514
4615
1743
668
1201
1189
1178
898
647
616
681
885
3201
3683
-1926
-1244
482
42
48
54
-446
-1904
2523
4038
809
9
-238
-95
-24
-138
-225
-341
-467
-169
167
524
28
-5
-44
-87
-189
-247
-242
-100
-202
-260
-255
-206
131
-2356
-6450
-2417
814
1720
958
-1206
-4241
-6507
-6438
-5020
-3325
-1829
-630
1178
4467
6790
4489
1672
1015
679
270
-10
279
383
723
1549
3579
3233
521
-151
135
389
-754
-1819
2121
2675
764
104
233
139
11
1
-46
-394
-485
-327
7
167
-158
-74
-102
-117
-271
-187
-34
-75
-260
-260
-186
-138
-836
-5199
-5223
-513
639
1893
3107
2859
1516
728
-697
-3951
-6305
-5599
-3925
-2952
-1841
-296
3393
6576
4339
1047
77
80
-28
-177
160
1058
3194
2384
641
-157
87
192
-680
-1424
2323
2058
565
22
198
140
154
22
-111
-31
-135
-467
-303
-151
-147
-104
-160
-117
-242
-169
-172
-226
-200
-145
-47
-14
-2134
-4102
-2798
384
502
748
946
985
1390
2570
3327
2951
1490
-1290
-5058
-7133
-7714
-6829
-4334
-1438
2633
5519
2589
334
-55
-61
177
764
1455
1389
874
-146
-371
-67
-1128
-937
3295
1705
115
-95
170
253
184
-47
-135
-26
-237
-583
-428
-283
-147
-104
-160
-141
-89
-75
-260
-255
-182
-254
-185
-141
-1705
-4384
-1616
3790
2577
1065
834
825
823
688
1151
2598
3496
2947
1721
664
-908
-3736
-7780
-11197
-10577
-4699
2745
5798
1907
88
308
485
720
949
1474
556
-340
-666
-1844
-465
3081
730
38
42
57
202
151
52
-95
-88
-351
-457
-283
-123
-63
-49
-160
-88
-184
-257
-260
-186
-143
-273
-273
-199
-472
-3299
-3107
-312
2724
4091
2809
1561
994
915
1348
1002
501
682
1394
2178
2696
2471
1777
966
-902
-6695
-8359
-2531
3986
5971
2448
692
277
457
1424
1040
343
-42
-1615
-294
2148
625
114
-165
163
383
175
-91
-175
-180
-275
-268
-177
106
-74
-200
-76
-17
-119
-133
-284
-102
-88
-273
-273
-199
-87
-592
-1782
-2273
-2099
-1077
2297
4822
3316
1798
1420
691
276
289
164
-39
67
384
854
2463
5208
4348
-526
-8071
-8843
-2799
3767
3057
588
334
779
929
769
619
-772
-103
1367
1012
201
-76
321
462
8
-64
135
-37
-201
-375
-160
137
-104
-229
-87
-184
-100
-202
-255
-113
-215
-273
-273
-199
-156
-286
-217
-316
-1592
-2749
-2215
-874
2025
5227
4255
1250
317
191
149
210
-67
-175
183
659
1248
3925
5164
2746
-1535
-7245
-9540
-5642
773
46
143
763
713
402
-396
-183
815
1534
306
14
153
248
-21
111
153
-38
-314
-433
-105
11
-49
-160
-117
-173
-130
-284
-102
-88
-273
-273
-273
-199
-156
-286
-286
-310
10
-238
-1451
-2703
-2496
-843
1991
4593
3851
1276
392
201
-75
334
794
844
790
662
1240
3238
4489
2066
-3587
-1953
1071
269
-135
138
735
585
171
53
739
1643
456
41
-14
181
193
323
249
58
-213
-190
60
63
-176
-160
-117
-173
-130
-255
-113
-215
-273
-273
-273
-199
-156
-286
-286
-281
173
-467
-2856
-4473
-4134
-3392
-2714
-1334
1678
4836
4278
1675
640
942
1115
867
671
558
333
30
105
1448
3037
2950
551
232
-46
-150
448
629
357
-43
464
1185
459
158
226
254
84
214
140
-75
-164
-127
-115
76
-234
-160
-117
-173
-130
-162
-227
-328
-273
-273
-273
-199
-156
-286
-310
40
169
-4280
-5563
-3709
-4630
-6382
-6213
-4718
-3033
-1323
1601
4921
5113
3336
1881
980
689
460
302
113
-160
457
3078
2634
581
-146
220
445
152
392
486
369
155
807
597
203
148
111
41
279
176
-65
-96
-216
-302
-169
-258
-76
-62
-173
-130
-191
-216
-201
-273
-273
-273
-199
-156
-286
-257
-66
-2588
-6375
-1791
1191
2032
1084
-1441
-4791
-8097
-8144
-4786
-1991
575
4988
6675
4930
2261
527
6
-109
-168
704
1424
1700
1001
-229
-68
398
104
-108
376
374
-216
800
1005
450
383
156
154
323
25
88
-2
-259
-192
-21
-229
-87
-213
-89
-75
-260
-186
-143
-273
-273
-273
-199
-156
-286
-217
-944
-4562
-5131
-676
-38
1862
3278
2998
2221
1312
-1375
-5981
-8799
-7655
-4621
-1650
2364
5754
6270
3530
749
0
563
595
997
982
409
-172
-441
-292
-415
761
1092
-32
521
857
468
469
104
157
142
80
132
-129
-230
-198
39
-160
-117
-242
-100
-202
-260
-186
-143
-273
-297
-213
-60
-101
-286
-286
-1508
-4340
-2315
1347
328
654
819
765
1904
3511
3694
2495
728
-2408
-5978
-8346
-9547
-8442
-2703
3407
6159
4044
1399
793
636
487
477
151
-714
-873
-150
1419
1578
366
208
513
475
252
117
199
113
114
59
-132
-161
-130
-31
-160
-117
-173
-130
-260
-260
-186
-143
-273
-268
-195
-198
-228
-286
-286
-833
-3924
-3299
1504
2869
1501
1020
774
558
757
1757
2796
2577
1818
1331
1097
431
-1488
-6275
-8431
-3765
1894
2291
978
838
474
355
146
-221
-312
147
1220
1314
372
493
661
429
242
319
46
-67
58
-10
-235
-245
-116
-16
-275
-256
-228
-130
-260
-260
-162
-227
-328
-175
-240
-341
-286
-286
-310
-152
-1336
-3532
-2954
1065
4517
2799
1245
765
1261
1426
706
231
218
220
632
2451
5171
3774
-424
-7674
-9813
-5736
950
568
499
444
460
574
454
255
1086
577
-99
365
804
543
395
467
271
150
-24
-174
-262
-95
90
-47
-166
-118
-101
-130
-260
-260
-215
-132
-146
-204
-229
-214
-286
-310
-221
5
-39
-1106
-3169
-2835
-694
2766
4770
3462
1971
1047
561
221
215
135
58
615
1688
3575
4266
1715
-4033
-3754
412
292
260
280
565
750
274
400
1120
455
83
257
728
514
256
269
289
299
111
-109
-308
-88
131
59
-147
-30
-19
-214
-315
-260
-231
-197
-270
-273
-199
-156
-286
-305
-50
-39
-254
-283
-485
-1986
-3001
-2195
304
3810
5697
4043
1529
411
347
281
615
1179
1100
671
717
1850
1178
1796
1327
76
162
15
229
432
471
1036
1150
294
162
495
852
106
114
310
383
402
400
226
-342
-280
-19
8
-147
-30
-48
-203
-188
-260
-215
-132
-146
-297
-115
-101
-310
-123
33
-254
-336
-159
-282
-154
-775
-1860
-2411
-1555
-439
1792
3697
3948
2073
936
1156
1472
1062
717
350
-97
722
3330
1676
184
60
31
74
123
833
1506
921
334
-12
478
775
189
226
176
348
445
434
379
25
-118
-89
167
-147
-30
-117
-149
-214
-315
-255
-113
-239
-160
-155
-283
-305
19
-69
-312
-307
-263
-226
-164
-167
-84
-363
-1255
-2304
-2495
-1732
884
3803
5436
4494
2628
1502
959
364
-291
774
2865
1045
128
21
177
2
68
1259
1358
733
403
32
296
671
378
176
319
293
312
449
528
329
117
10
309
-123
-114
-172
-178
-203
-188
-162
-227
-299
-239
-272
-159
-207
-22
-254
-336
-154
-209
-319
-154
-207
-359
-180
-97
-238
-1219
-2349
-2496
-1626
246
2995
5511
5337
2534
879
152
1296
2158
520
199
385
334
-86
368
1009
774
603
403
106
246
602
586
318
232
438
504
557
682
447
205
245
268
-176
-19
10
-247
-173
-130
-215
-132
-101
-214
-129
-228
-114
-136
-343
-391
-220
-267
-320
-207
-269
-206
-191
-317
-193
-179
-319
-650
-1583
-2115
-1549
-889
226
3384
4466
1784
1435
1842
635
307
489
390
224
480
536
489
581
374
149
210
450
533
318
122
365
588
692
488
527
304
280
75
-216
0
-59
-271
-89
-75
-255
-113
-210
-126
-228
-286
-143
-125
-269
-227
-68
-325
-251
-277
-332
-122
-166
-346
-204
-330
-275
-162
-245
-186
-687
-1983
-2647
-2306
-470
3568
3976
2060
726
280
237
268
352
407
431
347
332
342
400
302
336
263
236
320
380
768
692
444
431
329
188
-54
-123
-114
-172
-242
-100
-202
-186
-143
-199
-156
-286
-310
-128
-40
-251
-208
-113
-409
-306
-208
-333
-191
-317
-193
-179
-359
-217
-343
-243
-47
-218
-260
-454
-2474
-3215
-2113
1512
4635
2032
440
345
278
351
279
250
261
319
418
446
457
456
387
265
338
316
684
684
388
190
329
89
46
-176
-19
10
-173
-130
-284
-102
-112
-115
-101
-310
-221
-24
-28
-151
-154
-169
-338
-40
-177
-180
-166
-346
-204
-330
-206
-192
-372
-225
-209
-285
-190
-255
-184
-812
-3124
-2980
-686
2324
2283
568
347
390
260
191
197
315
502
389
231
468
596
468
293
271
585
539
369
328
299
145
224
-216
0
-83
-89
-75
-255
-113
-210
-126
-228
-305
-50
-108
-224
-249
-165
-336
-290
-120
-275
-191
-317
-193
-179
-359
-217
-343
-243
-71
-129
-270
-352
-293
-80
-41
-265
-2142
-4166
-2177
2275
2558
567
390
236
320
380
482
341
236
548
526
238
245
419
630
550
297
284
271
160
143
89
-87
109
-57
-100
-226
-102
-112
-115
-101
-310
-123
33
-254
-336
-154
-140
-325
-251
-208
-264
-221
-346
-204
-330
-206
-192
-396
-141
-125
-198
-382
-327
-209
-219
-261
-239
-238
-1996
-4097
-2408
2228
4053
1548
399
278
225
337
39
17
331
434
122
138
479
552
489
461
393
404
238
195
0
-69
-29
-115
-154
-171
-58
-210
-126
-252
-221
74
-69
-336
-223
-110
-267
-325
-251
-208
-264
-221
-277
-234
-359
-217
-343
-214
-82
-187
-231
-435
-209
-182
-99
-265
-332
-321
-290
-1640
-3716
-2881
1017
4761
3400
1127
425
358
228
257
251
168
38
195
298
381
436
353
436
310
277
209
113
54
-86
-89
-70
-113
-215
-199
-156
-305
-50
-39
-254
-307
-165
-267
-325
-349
-167
-177
-180
-190
-193
-179
-290
-271
-288
-101
-186
-340
-437
-253
-166
-349
-261
-239
-278
-345
-358
-145
-918
-2901
-2893
-1396
2334
5455
3573
1291
441
371
384
192
121
234
239
381
279
295
407
276
252
208
316
98
-184
-100
-128
-143
-273
-199
-156
-207
-22
-254
-312
-238
-195
-349
-265
-181
-123
-275
-191
-288
-204
-306
-290
-242
-230
-258
-204
-383
-279
-56
-223
-284
-265
-332
-252
-291
-329
-308
-282
-323
-1535
-3129
-2622
-1096
2448
5467
3753
1168
450
255
107
64
193
236
82
264
278
138
245
216
44
-59
-173
-130
-186
-143
-273
-199
-156
-138
-52
-312
-312
-238
-195
-320
-247
-250
-280
-264
-221
-277
-234
-388
-206
-118
-260
-316
-273
-324
-134
-224
-379
-319
-239
-278
-345
-289
-175
-135
-272
-501
-396
-397
-1916
-3429
-2725
-1122
2024
5394
4725
2129
898
549
381
285
105
247
145
116
145
-1
-1
-117
-173
-130
-186
-143
-297
-115
-101
-138
-52
-288
-396
-269
-279
-282
-292
-393
-338
-264
-221
-277
-234
-359
-217
-245
-260
-316
-297
-171
-40
-336
-284
-265
-332
-252
-291
-329
-284
-233
-418
-392
-415
-288
-446
-599
-1813
-3194
-2788
-1436
1163
4687
5880
3982
1987
1249
1059
788
349
248
10
-73
-15
-172
-173
-130
-162
-227
-299
-210
-283
-114
-112
-480
-332
-200
-323
-184
-257
-350
-393
-264
-245
-193
-179
-290
-271
-219
-229
-232
-213
-182
-167
-307
-295
-323
-333
-345
-265
-235
-303
-390
-446
-403
-385
-299
-485
-442
-503
-459
-1411
-2921
-2892
-1582
150
2786
5470
6100
4549
2686
1666
1248
823
562
476
-45
-173
-130
-215
-132
-77
-229
-214
-143
-130
-358
-299
-382
-166
-195
-280
-197
-235
-180
-161
-204
-330
-206
-187
-230
-327
-267
-187
-181
-165
-99
-294
-321
-125
-291
-358
-278
-248
-390
-446
-427
-301
-244
-485
-442
-596
-414
-331
-472
-896
-1981
-2454
-2110
-1032
110
1841
4168
5698
5539
4954
4174
3278
-71
-228
-130
-231
-197
-270
-199
-156
-188
-253
-285
-329
-283
-108
-195
-320
-178
-275
-191
-219
-234
-359
-241
-161
-229
-232
-213
-280
-195
-92
-237
-392
-303
-263
-349
-335
-431
-430
-390
-470
-314
-257
-395
-401
-411
-483
-370
-551
-427
-339
-338
-410
-855
-1583
-2227
-2131
-1368
-634
354
1824
3639
5067
-60
-101
-130
-191
-216
-201
-199
-156
-241
-158
-172
-323
-141
-77
-135
-112
-153
-264
-245
-193
-179
-290
-242
-230
-327
-243
-295
-197
-140
-180
-349
-297
-209
-351
-407
-319
-366
-306
-390
-441
-256
-414
-424
-412
-509
-425
-551
-496
-407
-406
-268
-434
-403
-393
-542
-670
-1187
-1634
-1858
-1642
-1205
-1144
-114
-98
-130
-260
-186
-143
-199
-156
-281
-139
-241
-318
-92
-36
-62
-250
-280
-264
-216
-204
-306
-290
-173
-260
-316
-297
-240
-108
-213
-183
-320
-308
-336
-351
-407
-359
-347
-375
-414
-288
-255
-388
-300
-442
-498
-455
-580
-438
-535
-446
-430
-408
-378
-520
-650
-581
-537
-507
-480
-377
-562
-1043
-19
84
-130
-260
-186
-143
-199
-156
-212
-169
-299
-196
-188
-218
-150
-338
-338
-264
-147
-234
-364
-290
-197
-176
-261
-268
-182
-236
-282
-310
-251
-338
-394
-351
-407
-290
-401
-349
-330
-299
-353
-399
-427
-442
-498
-455
-511
-468
-524
-407
-489
-477
-505
-544
-590
-559
-377
-334
-387
-451
-443
-474
0
15
-130
-260
-186
-143
-199
-156
-212
-169
-299
-156
-138
-179
-208
-338
-338
-264
-147
-234
-364
-290
-168
-211
-328
-84
-73
-170
-312
-368
-251
-338
-394
-375
-323
-259
-312
-245
-273
-190
-287
-429
-485
-442
-498
-455
-511
-468
-524
-383
-480
-646
-618
-515
-572
-639
-497
-554
-484
-317
-523
-677
25
-43
-130
-260
-186
-143
-199
-156
-188
-253
-354
-225
-84
-205
-263
-338
-338
-264
-147
-234
-364
-290
-75
-296
-423
-193
-211
-297
-312
-368
-251
-362
-310
-291
-334
-357
-225
-384
-440
-328
-414
-429
-485
-466
-414
-424
-427
-437
-440
-381
-438
-393
-352
-391
-557
-505
-515
-587
-469
-415
-624
-485
2593
2655
2750
2858
2826
2625
2894
3079
3183
3344
3471
3511
3468
3527
3520
3520
3520
3473
3535
3588
3582
3704
3825
3887
4048
3982
4024
4189
4196
4231
4403
4591
4705
4767
4881
4943
5104
4930
5013
4984
4259
4575
5204
5343
5400
5680
5870
5992
6113
6175
6289
6351
6573
6594
6756
6831
6953
7174
7207
7164
7223
7150
2699
2697
2708
2810
2891
2891
3005
3059
3225
3344
3405
3426
3527
3520
3520
3520
3647
3579
3577
3823
3755
3753
3698
3781
4133
4173
4082
4225
4344
4363
4536
4591
4705
4767
4881
4943
5231
5102
3508
-2886
-9535
-11133
-3667
3095
5141
5422
5662
5978
6177
6217
6289
6351
6465
6527
6768
6762
6921
7101
7122
7350
7449
7256
2722
2950
3049
2917
3000
3225
3154
3131
3351
3344
3297
3359
3520
3520
3520
3647
3687
3644
3703
3630
3545
3731
3849
3864
3983
4238
4298
4292
4259
4422
4529
4591
4705
4767
4881
5070
5271
5402
1043
-3068
-9451
-20139
-20778
-8047
3657
5408
5537
5636
5968
6301
6289
6351
6465
6527
6702
6785
7174
7099
7097
7277
7406
7640
2655
2877
3133
3299
3208
3351
3301
3232
3344
3344
3297
3359
3520
3520
3520
3454
3496
3534
2828
2275
2612
3132
3490
3806
3839
3957
4182
4177
4192
4415
4529
4591
4705
4767
4881
5004
5186
5141
2721
2147
-2283
-8337
-21899
-19886
-4282
5078
5635
5795
5991
6337
6395
6520
6571
6569
6594
6718
7101
7122
7350
7275
7273
7627
2655
2769
2892
3182
3369
3342
3292
3478
3577
3619
3445
3401
3647
3626
3562
3412
1755
-3880
-8804
-12043
-13208
-11257
-7266
-3131
625
2859
3824
4135
4065
4309
4487
4591
4705
4767
4881
4769
5013
5116
6546
4601
-1083
-1419
-9288
-22238
-17200
-332
5328
5752
5975
6362
6418
6580
6594
6822
6573
6654
6824
6822
7002
7150
7484
7559
2782
3002
2932
3049
3229
3250
3478
3511
3576
3702
3594
3654
3687
3691
3688
3520
-368
-4268
-9340
-15084
-17820
-19684
-20057
-18986
-16584
-12316
-5724
295
3502
4519
4382
4527
4663
4767
4881
4962
5096
5629
8581
6062
-580
-271
-701
-10833
-21867
-16330
-1466
4829
5991
6163
6351
6465
6527
6749
6662
6757
6764
6992
6917
6976
7285
7474
2716
2959
3081
3175
3121
3183
3405
3426
3527
3520
3520
3581
3602
3877
3787
3562
1858
760
-3980
-5941
-7243
-9673
-12787
-15253
-17897
-20039
-21343
-18358
-9638
-1286
2770
4082
4198
4577
4839
5004
5186
5564
10263
7955
-72
-1366
-1194
-3577
-11827
-20667
-21764
-10154
891
5161
6372
6529
6696
6747
6872
6923
6921
7101
7249
7409
7332
7576
2608
2657
2774
3020
3079
3183
3297
3359
3520
3520
3520
3473
3535
3804
3937
3921
6645
4364
-3300
-5616
-6047
-6742
-7409
-7506
-7966
-9970
-14052
-18759
-21456
-19793
-14261
-8239
-4210
-411
3005
4475
5013
5191
11194
9866
2127
-2212
-1921
-2776
-4465
-10020
-17442
-24141
-20732
-5582
4183
6426
6756
6770
6932
6946
7047
6993
7243
7465
7650
7742
2608
2723
2817
2871
2953
3183
3170
3253
3478
3520
3520
3473
3535
3696
3804
3871
10267
11294
2545
-3862
-5359
-6137
-6739
-7291
-7227
-6975
-6328
-7744
-11441
-15135
-18424
-19589
-18676
-17781
-14097
-6532
621
3950
8520
11008
5566
-2427
-2384
-2604
-3626
-4129
-5264
-11301
-21450
-23804
-9225
4076
6599
6703
6817
6879
7167
7226
7217
7355
7636
7777
2481
2725
2950
3072
3066
3225
3236
3103
3246
3478
3520
3346
3429
3527
3590
3654
7002
13862
15647
7237
-964
-4339
-5973
-6910
-7167
-6727
-5924
-5734
-5509
-5567
-7386
-10358
-13219
-16426
-19888
-22188
-18288
-6871
2799
12844
9917
226
-2088
-1686
-2753
-3636
-3371
-2636
-6679
-19219
-21960
-7892
4813
6661
6817
6879
7101
7056
7152
7372
7521
7644
2547
2702
2951
2985
3025
3309
3344
3363
3336
3394
3520
3412
3279
3361
3398
3295
3656
7238
12463
16565
14848
6075
-1623
-5191
-6541
-6462
-6112
-5705
-5335
-5312
-5387
-5557
-6029
-6614
-8818
-13138
-19075
-22767
-14125
4107
14163
7877
-829
-1040
-1497
-2581
-3048
-2586
-1693
-5399
-19038
-20460
-5105
5064
6584
6731
6951
6947
6928
7133
7479
7409
2549
2727
2892
2966
2934
3070
3302
3405
3426
3527
3520
3520
3412
3580
3511
3387
3272
3248
4535
8513
13608
17489
15384
8712
2244
-2485
-4909
-5028
-4931
-5228
-5552
-5723
-5942
-6306
-6170
-5411
-7394
-13949
-21191
-19683
-327
12689
6409
-1563
-1688
-1642
-2224
-2642
-2310
-1437
-6789
-19737
-20045
-4515
5199
6582
6825
7182
7294
7265
7395
7602
2632
2643
2784
3007
3060
3054
3176
3297
3359
3520
3520
3520
2123
-2538
-7043
-8499
-6845
-3106
416
2433
4741
9093
13767
16659
17040
13071
4973
-1265
-4068
-5093
-5608
-5905
-6209
-6377
-6033
-5331
-4563
-4734
-9583
-17746
-21473
-10149
6441
6508
-925
-2150
-1577
-1877
-2344
-2178
-1672
-7259
-19405
-19787
-4701
5038
6790
6989
7126
7460
7592
7559
2849
2882
2826
3007
3168
3121
3183
3297
3359
3393
3414
2843
-2380
-6870
-11444
-16402
-18971
-19632
-17482
-13563
-9828
-5944
-258
5741
10687
14387
16880
14072
6339
-550
-4309
-5737
-6124
-6173
-5729
-5081
-4507
-3671
-3181
-5850
-12980
-18758
-16646
-3108
4614
-106
-1591
-981
-1626
-1867
-1874
-1703
-6938
-17894
-20240
-6692
4160
6864
7227
7319
7651
7876
2610
2856
2952
3007
3168
3121
3183
3170
3126
3311
3349
1142
-963
-3202
-7979
-9642
-12410
-15853
-18761
-20116
-20019
-20393
-19768
-13999
-5235
2392
8703
14073
17230
16174
9220
914
-3614
-5351
-5336
-4918
-4104
-3072
-2559
-2790
-3592
-7616
-14591
-17337
-13266
-5292
-2721
-2012
-1363
-1418
-1536
-1828
-1816
-6309
-16187
-22842
-12837
1321
6710
7582
7693
7934
2585
2705
2945
3007
3168
3121
3183
3236
3296
3503
3311
2869
3584
-174
-4785
-5589
-6586
-7050
-8073
-9568
-11253
-14115
-17759
-21321
-22351
-17768
-10292
-2630
5488
12829
17915
18950
12082
2413
-3134
-4916
-4223
-3147
-2399
-2319
-2528
-2992
-4222
-9723
-13960
-14201
-9970
-4774
-2409
-1829
-1624
-1775
-2287
-2394
-5600
-14546
-24816
-18736
-1830
6523
7704
7886
2569
2796
2945
3007
3295
3227
3225
3471
3511
3576
3660
6344
7798
2350
-3921
-4893
-5529
-6358
-7002
-7212
-7239
-6960
-7282
-10148
-14502
-18563
-20650
-20634
-18698
-13780
-5307
4491
13547
17505
9350
-691
-3629
-3462
-2787
-2296
-2340
-3011
-3479
-3402
-5279
-10097
-12007
-8662
-3941
-2519
-2179
-2296
-2641
-2927
-2710
-4114
-12857
-25751
-19673
-1295
7025
7820
2479
2790
3051
3049
3229
3250
3351
3405
3426
3527
3628
5668
12429
12410
3911
-1807
-4138
-5584
-6408
-6787
-6719
-6247
-6034
-5945
-5612
-7302
-10905
-14629
-18301
-21459
-22433
-21258
-16903
-3096
12076
13171
2893
-2685
-3451
-3124
-3088
-3810
-3663
-2982
-3614
-5489
-10245
-10858
-6103
-2469
-1405
-1851
-2648
-2997
-3016
-2680
-3776
-13925
-26594
-17465
1368
7185
2546
2731
3074
3175
3121
3183
3344
3297
3359
3520
3520
4018
8217
13161
15602
13074
6438
-53
-3920
-5660
-6060
-5891
-5790
-5182
-4618
-4931
-5367
-6161
-7143
-9775
-13009
-16461
-20320
-23569
-16662
1872
12956
6352
-2003
-4205
-4536
-3648
-2812
-2476
-1764
-1848
-5055
-9585
-8818
-3964
-1357
-741
-1541
-2974
-3419
-2908
-3041
-5215
-17309
-28586
-17903
1246
2546
2623
3007
3168
3121
3183
3344
3297
3359
3520
3520
3628
3930
5880
9293
13272
16308
15625
9909
2910
-2432
-4869
-5660
-5245
-4929
-4593
-4705
-5345
-5893
-6589
-7292
-8026
-8895
-13306
-19834
-21604
-10042
7313
9892
1132
-2862
-2901
-2698
-1859
-887
-1119
-2442
-7623
-9771
-7156
-2826
-1258
-1106
-1965
-2881
-2972
-2822
-3874
-7248
-19391
-30663
-23832
2652
2665
3007
3168
3121
3183
3344
3297
3359
3520
3520
3520
3581
3602
3595
4817
8248
12210
15821
17247
14002
6036
-1158
-4257
-5350
-5361
-5126
-5149
-5669
-5797
-5537
-5469
-5619
-5752
-8124
-14307
-19313
-17013
-4110
9577
6139
-921
-2923
-2079
-1911
-1864
-2883
-5153
-8385
-8689
-3747
-2321
-1987
-1767
-2431
-2450
-2110
-2816
-4069
-7396
-17619
-28790
2675
2791
3007
3295
3227
3225
3344
3297
3359
3520
3520
3520
3346
2667
-284
-2614
-1911
1243
5628
10546
14623
17187
15525
8840
1417
-3284
-5191
-5707
-5840
-5855
-5636
-4659
-3961
-3650
-3967
-4997
-8698
-15103
-18709
-14473
-2135
1515
-2966
-2518
-2812
-2463
-3005
-2592
-6353
-8010
-3947
-3030
-2708
-2339
-2455
-2403
-2131
-2275
-3133
-4600
-6395
-13475
2756
2826
3134
3335
3292
3351
3471
3403
3401
3520
3647
3753
2798
-3015
-8214
-12827
-17069
-16065
-9925
-2869
2412
8102
12930
16219
16860
12831
5995
-390
-4088
-5691
-6030
-5310
-4549
-3690
-3178
-3399
-4229
-5642
-10892
-17025
-12858
-6644
-2799
-2128
-2416
-2413
-2227
-1574
-5381
-6075
-3695
-3204
-2847
-2633
-2531
-2474
-2512
-2469
-2642
-3678
-5033
-6509
3074
3058
3110
3250
3351
3344
3405
3426
3527
3520
3581
3837
1779
-1551
-5230
-11651
-15573
-19660
-21902
-20944
-17072
-11073
-3369
4682
10901
15199
17647
17628
12549
3303
-3186
-5335
-5237
-4551
-3876
-3139
-3008
-3222
-4010
-5288
-8049
-7303
-3380
-1644
-1901
-2532
-2500
-2540
-5055
-4342
-2746
-2455
-2743
-2601
-2371
-2433
-2735
-2620
-2488
-2951
-4113
-5282
3060
3074
3128
3183
3471
3577
3445
3401
3520
3520
3473
3596
3554
4088
374
-4426
-5628
-8372
-12643
-16703
-19619
-22034
-22198
-16989
-8086
373
7422
13264
17828
19732
14544
3964
-3038
-4926
-4719
-4228
-3535
-2864
-2404
-2848
-5667
-6545
-4539
-2129
-1667
-1980
-2498
-3632
-5643
-3624
-2313
-2270
-2568
-2483
-2387
-2215
-2248
-2593
-2787
-2971
-3800
-4625
2945
3007
3121
3183
3405
3534
3594
3654
3753
3795
3621
3530
6772
8206
2717
-3224
-4130
-5112
-6236
-6956
-8173
-11068
-15297
-19517
-21743
-20522
-16059
-10304
-2527
6741
14711
18432
13451
2394
-3811
-5217
-4679
-4116
-3657
-3752
-4987
-6630
-6450
-3842
-2049
-1668
-1116
-2945
-5871
-3495
-2206
-2262
-2539
-2535
-2418
-2214
-2188
-2527
-2860
-3190
-3770
-4133
2945
3007
3121
3310
3403
3401
3520
3581
3710
3878
3770
3656
6328
13323
12272
3469
-1103
-3410
-5008
-5770
-6169
-5905
-5674
-7356
-11287
-15679
-19140
-21603
-22719
-21458
-16756
-7252
6625
15937
11294
235
-4312
-5128
-4695
-4196
-4101
-5374
-7092
-6236
-4389
-2810
-607
-2943
-6039
-3293
-2312
-2457
-2693
-2602
-2434
-2378
-2337
-2600
-2746
-3137
-3658
-4013
3051
3049
3121
3117
3320
3485
3520
3473
3535
3696
3696
3649
4185
9246
14258
15516
11563
4621
-1002
-4055
-5225
-5608
-5677
-5115
-4742
-5067
-6426
-9187
-13320
-17463
-20761
-23473
-23201
-9389
9587
17144
10602
427
-3716
-4511
-3478
-3625
-5707
-6360
-5685
-4724
-1842
-3360
-5978
-4039
-2604
-2240
-2725
-2819
-2653
-2599
-2477
-2339
-2403
-2837
-3346
-3862
3074
3302
3227
3244
3336
3394
3647
3579
3577
3696
3696
3649
3603
4237
6551
10000
14332
16766
12795
4921
-1152
-4596
-5696
-5467
-5412
-5588
-5548
-5158
-4897
-5063
-5659
-8588
-15628
-22693
-21262
-6367
9429
14717
5837
-2292
-3591
-2854
-3920
-5175
-5148
-4833
-2769
-3500
-5480
-4626
-2728
-2098
-2487
-2879
-2633
-2546
-2569
-2355
-2378
-2626
-3210
-3728
3007
3229
3250
3412
3426
3527
3581
3602
3703
3696
3696
3649
3711
3872
3764
3805
5846
10326
14746
17055
13709
4933
-2145
-4850
-5861
-6185
-6403
-6833
-6920
-6480
-5580
-4725
-4717
-9180
-16534
-22179
-21243
-10759
718
1029
-3983
-2876
-2904
-4406
-5180
-4880
-3458
-3236
-4677
-5022
-2994
-2284
-2405
-2694
-2614
-2648
-2587
-2555
-2525
-2740
-3367
-3699
3049
3121
3183
3297
3359
3647
3579
3577
3696
3696
3696
3649
3711
3872
3872
3999
3715
3964
6061
10219
14763
16843
13532
5382
-1849
-5216
-6529
-7017
-7197
-7144
-6346
-5248
-4334
-3584
-3971
-7935
-15101
-19957
-13322
-6285
-4044
-3523
-3184
-3505
-4798
-4950
-3844
-2953
-4012
-4914
-3519
-2733
-2394
-2360
-2380
-2541
-2494
-2462
-2371
-2565
-3218
-3729
3175
3121
3183
3297
3359
3581
3602
3703
3696
3696
3696
3649
3711
3872
3872
3933
2303
-1561
-4026
-2039
3178
9010
14160
17356
14939
6538
-1109
-4804
-6566
-7380
-7014
-5969
-5013
-4338
-3767
-3288
-3405
-5321
-8282
-7474
-3787
-3442
-3687
-3479
-3985
-4905
-4462
-3009
-3720
-4748
-3718
-2790
-2480
-2361
-2297
-2458
-2411
-2252
-2229
-2425
-2766
-3429
3168
3121
3183
3297
3359
3346
3429
3654
3696
3696
3696
3649
3711
3872
3999
3042
-2559
-7927
-13913
-18705
-16922
-9320
-527
7752
14979
18891
16723
9214
1008
-4740
-6898
-6691
-5959
-5174
-4583
-4054
-3333
-3162
-5794
-6723
-4738
-2898
-3138
-3842
-3951
-4799
-5101
-3870
-3627
-4738
-4255
-3289
-2748
-2452
-2352
-2534
-2551
-2500
-2562
-2699
-3005
-3258
3295
3227
3225
3297
3359
3412
3406
3528
3696
3696
3696
3649
3711
3872
3806
2405
240
-3585
-10850
-15398
-20368
-22787
-21752
-17265
-7543
4490
13550
18754
18871
12182
3922
-2386
-5570
-6163
-5553
-4777
-4059
-4248
-4760
-5854
-5694
-3727
-2715
-3349
-4318
-5109
-5939
-4631
-3159
-4167
-4275
-3496
-3090
-2458
-2312
-2469
-2298
-2502
-2695
-2754
-3062
-3491
3229
3250
3478
3403
3401
3520
3473
3535
3696
3696
3696
3649
3711
3872
3764
4361
5880
1934
-4339
-5488
-8402
-12589
-16741
-20938
-23837
-22001
-13929
-3067
6482
13335
16844
15683
9835
1788
-3878
-5626
-5539
-5379
-4928
-5128
-5594
-5436
-4322
-3471
-4296
-4947
-6029
-5476
-3555
-3720
-3916
-3416
-3242
-2665
-2439
-2283
-2265
-2437
-2569
-2820
-2978
-3325
3121
3183
3405
3426
3527
3520
3473
3535
3696
3823
3929
3797
3753
3872
3872
6039
11404
7243
-1963
-4844
-5833
-6146
-6055
-7794
-12130
-16852
-20131
-21127
-19491
-15862
-10809
-2259
9925
16969
14118
4450
-2816
-5202
-5436
-5305
-5393
-5931
-6065
-4879
-3781
-3980
-5007
-5066
-4366
-4261
-4137
-3878
-3580
-3112
-2674
-2356
-2223
-2272
-2534
-2928
-3219
-3442
3121
3183
3297
3359
3520
3520
3473
3535
3696
3757
3886
3946
3879
3872
3872
4797
11271
15537
8559
-588
-4452
-5684
-5976
-5542
-5069
-5555
-7773
-10836
-14019
-16955
-20031
-22638
-21134
-8223
8677
16047
8192
-1552
-4750
-4964
-5321
-5925
-6230
-5608
-4444
-3780
-4149
-4116
-3914
-4530
-4519
-4055
-3913
-3948
-3322
-2696
-2398
-2256
-2535
-3034
-3369
-3490
2846
3035
3255
3359
3520
3520
3346
3429
3654
3522
3605
3830
3872
3872
3999
4058
6148
11961
17075
13268
3493
-2471
-4995
-5076
-5082
-5231
-5121
-5232
-5501
-5701
-6403
-9583
-16532
-22148
-21434
-9726
1718
1745
-3970
-3730
-4156
-4770
-5407
-5646
-5132
-4497
-4651
-3946
-3577
-3997
-4181
-3806
-3808
-4074
-3972
-3605
-2928
-2280
-2243
-2909
-3580
-3789
2763
2886
3129
3359
3520
3520
3539
3512
3570
3588
3582
3704
3872
3999
4166
4163
4179
5654
10342
15513
16883
11273
2994
-2225
-4192
-4568
-5026
-5459
-5983
-6218
-5719
-5191
-5400
-8946
-14793
-18837
-12902
-5926
-4075
-3208
-3273
-3530
-4532
-5702
-5501
-4946
-4788
-3930
-3948
-4131
-3961
-3583
-3685
-3968
-4047
-4001
-3600
-2661
-1987
-2418
-3233
-3812
2945
2960
3009
3253
3478
3520
3454
3496
3661
3696
3649
3711
3872
4060
4121
4179
4231
4158
4590
7285
12157
16520
17260
12676
5564
31
-3040
-4692
-5481
-5758
-5782
-5612
-4912
-4124
-3979
-6552
-8327
-8205
-5194
-3365
-3428
-3387
-3974
-5026
-5333
-5171
-4573
-3568
-3486
-4324
-4554
-3588
-3576
-3810
-3990
-3893
-3854
-3435
-2394
-2218
-2708
-3236
2945
2960
3075
3230
3352
3520
3539
3512
3570
3823
3755
3753
3999
3992
4011
4231
4351
4222
4260
4191
5157
7794
11775
15223
17093
14663
8486
1440
-2725
-4523
-5208
-5390
-4930
-4547
-4089
-3788
-4848
-6657
-4888
-3765
-3598
-3434
-3550
-3929
-4644
-4980
-4346
-3749
-3253
-4045
-4525
-3804
-3654
-3626
-3717
-3746
-3705
-3484
-2776
-2209
-1937
-2017
2945
2960
3183
3170
3253
3478
3581
3602
3830
3736
3714
3837
4060
4013
4112
4224
4285
4480
4451
4408
4459
4349
4570
6205
9670
14190
17483
16745
11934
5047
-360
-3015
-3997
-4413
-4458
-3845
-4824
-6004
-4405
-3931
-3694
-3485
-3097
-3058
-4061
-4439
-4192
-3857
-3367
-3708
-4272
-3955
-3496
-3797
-3905
-3570
-3399
-3199
-2636
-2084
-1576
-1529
2818
2854
3141
3236
3230
3352
3346
3429
3588
3738
3814
3746
3886
3969
4231
4351
4283
4389
4594
4447
4418
4668
4635
4525
4530
6097
9398
13609
17129
18143
15635
9744
2962
-1337
-3363
-3431
-5004
-5771
-4163
-3721
-3846
-3642
-2908
-3045
-3614
-3852
-4031
-3857
-3414
-3411
-3745
-3823
-3538
-3321
-3733
-3548
-3012
-2942
-2618
-2117
-2027
-2247
3011
2937
3057
3344
3297
3359
3539
3512
3589
3796
3813
3879
3651
3796
4055
4179
4264
4407
4461
4548
4560
4511
4658
4886
4811
4809
4947
5568
7817
11299
14565
17255
17815
11802
3116
-1223
-3815
-4963
-4043
-3464
-3523
-3482
-3206
-3281
-3401
-3523
-3891
-3921
-3630
-3394
-3455
-3565
-3513
-3304
-3367
-3439
-3056
-2549
-2585
-2281
-2237
-2317
3053
3027
3190
3471
3403
3401
3581
3602
3764
3778
3879
3872
3717
3773
4122
4154
4113
4400
4353
4523
4770
4642
4633
4813
4834
5062
5095
5052
5064
5072
5943
8661
12877
17641
17925
9345
604
-3300
-3959
-3788
-3556
-3387
-3281
-3239
-3366
-3472
-3556
-3712
-3822
-3762
-3720
-3555
-3393
-3287
-3184
-3431
-3062
-2567
-2382
-2290
-1992
-1563
2818
2854
3141
3405
3426
3527
3473
3535
3649
3711
3872
3999
3931
3882
4171
4244
4119
4294
4311
4415
4637
4658
4886
4811
4809
4989
5010
5238
5290
5220
5337
5301
5620
9121
14547
19172
14743
3708
-2207
-3902
-3864
-3635
-3506
-3338
-3272
-3295
-3313
-3354
-3414
-3529
-3662
-3646
-3459
-3330
-3082
-3243
-3202
-2825
-2438
-2382
-2065
-1957
3011
2937
3057
3297
3359
3647
3579
3704
3755
3753
3999
4166
4229
4156
4232
4283
4347
4504
4333
4584
4635
4633
4813
4834
5062
4987
4985
5165
5247
5496
5696
5557
5640
5644
6845
11723
17268
16808
6635
-1879
-3731
-3743
-3681
-3520
-3412
-3218
-2978
-3084
-3254
-3084
-2980
-3217
-3610
-3611
-3372
-3294
-3125
-2915
-2679
-2449
-2161
-2116
3053
3027
3317
3403
3401
3581
3602
3764
3778
3879
4060
4121
4287
4298
4292
4306
4515
4528
4489
4644
4658
4886
4811
4809
4989
5010
5238
5290
5347
5504
5688
5833
5933
5942
5931
6102
9092
15868
17588
7772
-1375
-3575
-3681
-3393
-3287
-3184
-3121
-2798
-2718
-3102
-3056
-2799
-3059
-3359
-3585
-3552
-3299
-3123
-2947
-2597
-2396
-2157
3178
3108
3286
3426
3654
3579
3704
3755
3753
3999
3992
4011
4231
4351
4283
4281
4400
4353
4415
4529
4591
4813
4834
5062
4987
4985
5292
5353
5472
5545
5766
5799
5817
5958
6200
6226
6236
8920
15550
19019
11402
1023
-2713
-3502
-3563
-3484
-3530
-3220
-2966
-2935
-3048
-2844
-2775
-3061
-3194
-3277
-3340
-3206
-3157
-2979
-2839
-2503
3135
3257
3304
3486
3687
3644
3764
3778
4006
4166
4055
4112
4351
4391
4348
4407
4400
4353
4415
4529
4591
4705
4767
4989
5010
5238
5224
5370
5522
5513
5820
5947
6043
5924
6102
6369
6510
6587
8799
14699
19912
17258
7277
-44
-2979
-3665
-3687
-3526
-3592
-3508
-3187
-2934
-2993
-2967
-2994
-3044
-3032
-3151
-3015
-3031
-2913
-2627
3066
3352
3403
3462
3602
3703
3649
3711
4060
4121
4179
4231
4285
4306
4407
4400
4527
4459
4584
4635
4760
4811
4809
4881
5070
5271
5181
5236
5432
5724
5752
5879
6119
6200
6226
6278
6545
6813
6822
8192
12512
17787
21225
16813
7020
229
-2578
-3154
-3410
-3693
-3509
-3217
-3168
-3107
-3086
-2985
-3039
-3085
-3057
-3022
-2923
-3166
3131
3412
3426
3480
3535
3696
3649
3711
3886
3969
4231
4224
4177
4239
4527
4633
4609
4524
4644
4658
4820
4834
4935
4881
5004
5186
5240
5187
5469
5758
5815
5999
6043
6102
6369
6402
6454
6655
6965
7228
7473
9469
14270
19393
21844
17150
7687
771
-2334
-3495
-3818
-3717
-3485
-3490
-3428
-3140
-3208
-3210
-3072
-3226
-3382
-3407
3190
3297
3359
3473
3535
3696
3649
3711
3778
3902
4224
4224
4177
4239
4461
4590
4650
4583
4529
4591
4705
4767
5055
4987
4938
5119
5233
5295
5470
5614
5897
6052
6193
6226
6278
6545
6705
6755
6738
6897
7115
7145
7306
9746
14605
19247
21799
18536
10022
2528
-1469
-3077
-3462
-3658
-3744
-3564
-3543
-3442
-3515
-3534
-3498
-3523
3183
3297
3359
3473
3535
3823
3755
3753
3778
3902
4097
4118
4008
4133
4184
4309
4534
4576
4529
4591
4705
4767
4989
5010
5064
5119
5233
5422
5468
5481
5950
6043
6102
6369
6402
6454
6655
6838
6845
6933
6940
7055
7131
7346
7617
9682
14051
18931
22083
20701
14453
7232
2177
-559
-1764
-2495
-3089
-3393
-3818
-3925
-3907
-3900
3141
3297
3359
3346
3429
3588
3672
3837
3651
3669
4142
4032
3884
4068
4124
4159
4302
4534
4529
4718
4811
4809
4881
5070
5163
5288
5339
5398
5491
5607
5884
6066
6120
6236
6545
6578
6522
6656
6879
6993
7055
7122
7246
7521
7583
7636
7522
9023
13014
17684
21149
22189
20077
15198
9800
5231
1932
-208
-1707
-2744
-3250
-3461
3015
3297
3359
3539
3512
3462
3582
3704
3717
3712
3908
3956
4060
4009
4239
4419
4392
4577
4635
4694
4834
5062
4987
5046
5186
5348
5489
5522
5593
5833
5924
6168
6346
6276
6454
6721
6754
6698
6879
6993
7182
7228
7288
7521
7583
7871
7803
7693
7698
8462
11093
14755
18526
21027
21955
21175
18495
14999
11703
8098
4742
1870
2916
3255
3359
3454
3496
3661
3649
3711
3698
3781
3898
3981
3994
4016
4239
4461
4482
4644
4658
4712
4767
4989
5137
5170
5288
5339
5398
5665
5759
5832
6073
6228
6303
6425
6472
6461
6664
6782
6879
7120
7222
7293
7541
7627
7752
7911
7868
8054
7979
7930
7956
8131
8859
10827
13887
17086
19656
21351
22115
22099
21238
19834
2893
3129
3359
3412
3406
3528
3649
3711
3891
3864
3922
4175
4107
4185
4472
4501
4457
4529
4718
4811
4809
4881
5004
5186
5348
5362
5543
5638
5709
5783
6126
6219
6170
6351
6465
6546
6680
6691
6879
7054
7137
7352
7468
7650
7812
7826
8054
8087
8171
8289
8212
8390
8483
8538
8517
8485
9385
11130
13524
16008
18267
20758
2854
3094
3359
3520
3473
3535
3649
3711
3933
3954
4055
4236
4363
4393
4471
4650
4583
4529
4652
4834
4935
4881
4896
5119
5233
5422
5576
5722
5874
5818
6060
6242
6296
6351
6465
6588
6770
6824
7006
7052
7239
7451
7402
7583
7697
7759
7981
8002
8164
8239
8488
8514
8458
8639
8800
8692
8578
8652
8739
8812
9095
9880
2937
3010
3359
3520
3473
3535
3649
3711
3825
3887
4048
3935
4147
4385
4422
4576
4576
4529
4544
4767
4928
4881
5023
5225
5275
5356
5491
5715
5890
5944
5952
6175
6289
6351
6465
6480
6830
6923
6982
7075
7299
7474
7528
7583
7697
7759
7873
7935
8049
8064
8348
8530
8584
8766
9033
9202
9134
9066
9053
9254
9468
9557
3027
3143
3359
3520
3473
3535
3649
3711
3825
3887
4048
3893
3949
4185
4415
4576
4576
4529
4544
4767
4928
4881
4957
5375
5634
5523
5572
5642
5823
5937
5952
6175
6289
6478
6571
6649
6997
7221
7275
7156
7226
7407
7521
7583
7697
7759
7873
7935
8049
7937
8007
8315
8535
8700
8990
9219
9240
9360
9345
9202
9469
9773
3002
3136
3359
3520
3473
3535
3649
3711
3698
3781
4006
4001
3889
4086
4373
4576
4576
4529
4544
4767
4928
4881
4722
5136
5542
5606
5721
5768
5823
5937
5952
6302
6395
6454
6594
6709
6846
7237
7351
7305
7352
7407
7521
7710
7803
7928
7979
8104
8155
8172
8283
8441
8557
8634
8942
9035
9160
9319
9337
9309
9524
9571
8111
8301
8594
8646
8821
9162
9341
9583
9900
10127
10138
10314
10548
10576
10660
10660
10660
10776
10966
11232
11321
11583
11842
12032
12259
12325
12443
12581
12958
13336
13958
14164
14507
14697
15040
15230
15457
15562
15653
15841
15820
15382
15761
16705
17129
17723
18250
18512
18771
18961
19304
19494
19798
20015
20247
20625
20997
21247
21507
21741
21769
21919
8221
8428
8567
8617
8906
9016
9200
9677
10027
10127
10204
10421
10576
10660
10660
10660
10671
10886
11093
11204
11419
11626
11831
11922
12143
12419
12624
12787
13095
13519
13890
14164
14507
14697
15040
15230
15468
15606
15580
13801
7340
748
2026
10218
16935
17631
17990
18202
18754
19088
19304
19494
19837
20027
20381
20786
21220
21397
21614
21780
21974
22129
8289
8455
8649
8881
8972
9182
9491
9788
10043
10127
10243
10433
10660
10660
10660
10671
10847
11081
11109
11259
11366
11405
11649
11964
12320
12514
12696
12785
13202
13547
13974
14164
14507
14697
15040
15241
15644
15773
14594
6383
-5020
-9403
-7381
1408
12495
17430
17713
18173
18696
18977
19304
19494
19837
20027
20447
20854
21247
21546
21753
21930
22108
22185
8301
8605
8794
9086
9291
9454
9724
9943
10127
10127
10243
10433
10660
10660
10660
10726
10844
10971
11017
10390
9921
10649
11412
11783
12153
12455
12665
12908
13214
13631
13974
14164
14507
14697
15040
15307
15751
15845
12100
650
-11327
-18496
-18104
-11207
3732
15278
17689
18061
18666
19183
19414
19632
19947
20154
20486
20866
21397
21614
21780
22079
22286
22358
8301
8644
8911
9316
9509
9697
10015
10054
10248
10375
10480
10560
10671
10770
10787
10699
10645
9026
3171
-2598
-3885
-3417
-1043
2878
6916
10141
12158
12781
13203
13521
13847
14164
14507
14697
15040
15335
15653
15709
10246
-190
-13095
-18357
-20466
-16512
-5609
7377
16080
18204
18612
19054
19482
19714
20015
20181
20585
20883
21298
21505
21682
21910
22186
22573
8312
8765
9187
9494
9671
9888
10054
10314
10509
10525
10564
10587
10847
10965
10803
10660
9511
2211
-7575
-11858
-13249
-12602
-10278
-7618
-5313
-3127
45
5324
10862
13574
14057
14181
14380
14697
15040
15280
15695
15775
10349
859
-11890
-15566
-18794
-18144
-13669
-2385
6069
14775
18666
19288
19494
19837
20027
20331
20587
20831
21216
21382
21681
21965
22320
22680
8378
8899
9271
9510
9710
9900
10204
10421
10576
10660
10660
10737
10954
11004
10997
10787
7354
-2477
-13016
-19016
-20830
-21203
-20200
-18263
-15688
-12836
-9070
-5538
-1755
4155
9919
13218
14133
14333
14913
15307
15751
15905
11148
3478
-8259
-12983
-15038
-16982
-16729
-12386
-3370
1545
8081
16161
19395
19820
20165
20480
20698
21013
21220
21397
21625
22006
22512
22830
8417
8939
9246
9357
9583
9900
10243
10433
10660
10660
10660
10776
10966
11154
11076
10924
6402
-1916
-13684
-19412
-20890
-21681
-22177
-22258
-21828
-21107
-19678
-16572
-10891
-5176
-2430
291
3868
7435
11206
14446
15653
15979
12743
7615
-4131
-11593
-13018
-15083
-17163
-16766
-15069
-8750
-2984
2802
13043
19872
20247
20548
20780
21081
21236
21436
21714
22334
22734
23022
8417
8873
9112
9273
9567
9900
10232
10323
10533
10660
10660
10776
10966
11193
11154
11142
7429
2316
-7669
-15918
-19653
-20694
-21725
-22033
-21992
-21970
-22233
-21051
-18929
-15763
-12077
-8814
-6640
-4604
-2091
1391
7168
13175
14687
10047
-133
-9563
-11835
-13611
-15774
-17148
-17669
-17571
-14894
-7020
2221
13086
20243
20560
20903
21093
21331
21557
22056
22580
22912
23224
8406
8724
8934
9188
9593
10027
10166
10244
10407
10533
10660
10765
10856
11055
11083
11066
9957
6519
17
-5514
-11156
-17671
-20669
-21458
-21810
-21859
-21338
-20044
-19182
-18768
-18562
-18157
-16792
-14958
-12231
-7939
-3922
677
8864
10914
6338
-4825
-11067
-12104
-13768
-15336
-16533
-18047
-18760
-16571
-8782
4041
15418
20433
20903
21093
21397
21680
22069
22481
23035
23302
8340
8656
8929
9353
9678
9916
10127
10177
10365
10644
10660
10699
10777
10863
10877
10929
10917
9883
8280
2907
-2399
-6348
-12630
-18625
-20971
-21225
-20184
-18680
-17956
-17982
-18470
-19092
-19782
-20250
-19796
-18762
-15035
-8084
-1216
3562
7376
1697
-6219
-10742
-11600
-13357
-14559
-15586
-17042
-17954
-14797
-6974
5566
16342
20782
20856
21309
21665
22086
22439
22908
23330
8191
8517
8911
9394
9627
9874
10000
10204
10421
10576
10660
10660
10699
10683
10893
10838
10861
11045
10911
10102
7557
1758
-3028
-6063
-10003
-14065
-16661
-16938
-16779
-17249
-18019
-18795
-19468
-20040
-20272
-20614
-19486
-16951
-11111
-3675
-1605
1238
-238
-5201
-11113
-12093
-12436
-13378
-14587
-16247
-16508
-13834
-4818
5844
16330
20772
21293
21637
22129
22524
23019
23275
8233
8628
8950
9367
9633
9722
9984
10243
10433
10660
10660
10660
10539
9098
4623
97
-446
2044
6131
9686
10614
9956
7348
3075
-580
-2633
-4936
-9433
-14422
-16887
-17868
-18660
-19317
-19948
-20068
-19544
-18601
-17747
-16547
-14494
-8288
-4989
-5602
-4861
-4577
-9810
-10954
-11225
-12427
-13503
-15219
-15620
-12885
-3802
6176
15994
21082
21692
22103
22370
22934
23418
8300
8670
9077
9367
9594
9710
9900
10243
10433
10649
10550
10478
8856
901
-8293
-10608
-10327
-8443
-6510
-4585
-2263
353
3707
7723
9145
7397
3231
-281
-3630
-9003
-14677
-18152
-19333
-19806
-19331
-18171
-16590
-15878
-16425
-17045
-16740
-13977
-8731
-8507
-9710
-6573
-7903
-9718
-10414
-11555
-12944
-14941
-14965
-12233
-3215
5426
14547
21041
22141
22685
23208
23528
8268
8695
9093
9367
9594
9710
9900
10232
10312
10346
10355
9967
3951
-6947
-14807
-18645
-19884
-19135
-17240
-14521
-12121
-9771
-7369
-4786
-197
6136
10037
8792
4049
-25
-3204
-8217
-14809
-18228
-18148
-16733
-15050
-14217
-14398
-15667
-17260
-18027
-17462
-14553
-11216
-13773
-12508
-9314
-9087
-9882
-10972
-12445
-14031
-13776
-11738
-4320
2358
10053
19678
22949
23345
23707
8349
8818
9177
9367
9594
9710
9900
10166
10189
10344
10553
8737
1268
-8678
-18323
-20450
-21732
-22828
-23050
-22620
-21500
-20310
-18631
-14614
-8725
-4689
-1623
2239
6097
7491
5214
734
-2317
-6236
-12006
-14983
-13919
-12919
-12802
-13665
-15294
-16928
-18288
-18471
-19385
-16315
-14063
-11514
-8870
-9009
-9812
-10954
-12093
-13398
-13875
-13836
-9185
-1461
8048
19700
23484
23769
8295
8623
9177
9367
9605
9820
10027
10138
10314
10509
10498
8496
2906
-6744
-16604
-19452
-20902
-22095
-22691
-22851
-22871
-23187
-23187
-21714
-19312
-15431
-10921
-7188
-4998
-3130
-1412
458
-17
-982
-1682
-6444
-11339
-11919
-11503
-12217
-13403
-14850
-16689
-18983
-20638
-20845
-19137
-14893
-10467
-8732
-8908
-9843
-10993
-12125
-13713
-15762
-17316
-14401
-3806
9603
21536
23835
8239
8702
9287
9494
9671
9888
10043
10204
10421
10576
10621
9671
5327
-447
-7165
-12807
-17802
-20549
-21628
-22036
-22251
-22514
-22059
-21199
-20448
-20096
-19522
-18384
-16282
-13603
-10727
-8138
-5830
-4723
-3780
-1625
-2031
-7672
-11282
-11660
-12601
-13940
-15881
-17148
-17963
-19918
-19968
-17756
-12887
-9029
-8057
-8548
-9955
-11540
-12906
-15293
-18971
-20330
-15899
-2606
12117
22864
8227
8684
9355
9510
9710
9900
10127
10243
10433
10660
10660
10438
8852
6382
687
-3065
-6340
-11743
-17260
-20161
-21151
-21240
-20472
-19420
-18846
-19004
-19942
-20916
-21745
-22144
-21900
-20184
-17620
-12576
-7154
-4434
-2916
-986
-5532
-11391
-12913
-14363
-14906
-14434
-15271
-17403
-18435
-17967
-14758
-10611
-7492
-7620
-8972
-10567
-12392
-14658
-17857
-21889
-21160
-15082
-1288
10986
8227
8723
9367
9594
9710
9900
10127
10243
10433
10660
10660
10621
10581
9998
9152
6218
1730
-2470
-5065
-8909
-14243
-18150
-18765
-17842
-17467
-18067
-18775
-19979
-21211
-22374
-23451
-24103
-23807
-21712
-17732
-10324
-5586
-6228
-4770
-3729
-9721
-13603
-12441
-11831
-12538
-13881
-15986
-17279
-17763
-13143
-7665
-7007
-8183
-9941
-11815
-13715
-16564
-20240
-23192
-21661
-15452
-3111
8337
8850
9367
9594
9710
9900
10127
10243
10433
10660
10660
10660
10737
10954
11148
10776
9807
7767
3964
13
-3133
-5429
-9615
-14272
-16666
-17488
-18202
-19220
-20261
-21719
-22640
-22662
-22177
-21725
-20527
-18673
-14619
-8620
-7224
-8891
-5163
-6427
-10687
-10132
-10783
-12064
-14068
-17406
-18603
-14456
-7935
-7009
-7942
-9441
-11089
-12935
-15167
-18050
-21316
-23701
-23364
-18770
8405
8866
9367
9605
9820
10027
10127
10243
10433
10660
10660
10660
10765
10790
10120
7285
4927
6527
9089
9622
6924
3039
-608
-2898
-6872
-12528
-16713
-18634
-19938
-21148
-21256
-20685
-19792
-19110
-18788
-19100
-18882
-17858
-14181
-8858
-10178
-11650
-9784
-9087
-10033
-11034
-12894
-17069
-17766
-14507
-8792
-7839
-8494
-9382
-10485
-11893
-13605
-15988
-18950
-22182
-25109
-25382
8654
9077
9378
9781
10015
10043
10138
10353
10560
10660
10671
10781
10870
9320
2092
-6145
-7588
-5984
-2860
2383
7504
10055
9315
5334
845
-2179
-5087
-9953
-15848
-19625
-19979
-18753
-17445
-16575
-16493
-17106
-18236
-19304
-19364
-18311
-15304
-9558
-9380
-8493
-9526
-10309
-12175
-15738
-16058
-13367
-8869
-8273
-8874
-9233
-9974
-11014
-12438
-14260
-16830
-19815
-22919
-25553
8876
9203
9571
9888
10043
10127
10204
10421
10576
10660
10737
10926
10475
4376
-6780
-14078
-16788
-15894
-12439
-8012
-5273
-2594
1422
6499
9175
7328
3298
-400
-3192
-6724
-12478
-16448
-16520
-15318
-15061
-15466
-16336
-17622
-19171
-19772
-17548
-13292
-9569
-8247
-8703
-9405
-11700
-14737
-15311
-11727
-8590
-8431
-8779
-9090
-9602
-10254
-11431
-13186
-15155
-17715
-20715
-23672
9054
9355
9626
9900
10138
10248
10480
10560
10660
10660
10776
11043
9503
1687
-9118
-18717
-21214
-21866
-21372
-19187
-16135
-12311
-8434
-5128
-1308
3999
8717
9467
6660
1872
-1303
-4072
-9379
-13818
-14917
-14698
-15128
-15946
-16995
-17196
-15930
-13952
-10507
-8237
-7900
-8734
-11160
-14106
-14554
-10126
-8003
-8082
-8729
-8836
-9019
-9603
-10699
-11950
-13637
-16033
-18862
-21732
9177
9367
9710
9900
10204
10382
10564
10587
10781
10908
11013
11209
9266
3425
-6905
-16829
-19359
-20758
-22004
-22553
-22411
-21625
-19397
-15151
-9632
-5726
-3561
-1233
1852
5234
5650
2533
-243
-3544
-10068
-14638
-14949
-14993
-15292
-15086
-14800
-13555
-11955
-9434
-8149
-8054
-10777
-13264
-13555
-8980
-7783
-7948
-8429
-8469
-8641
-9119
-9882
-11121
-12797
-14952
-17508
-20037
9177
9367
9710
9911
10353
10560
10660
10737
10915
11058
11097
11225
10400
6241
51
-7188
-12845
-17391
-19970
-21225
-21696
-22012
-21494
-20248
-18762
-16558
-13414
-10419
-8046
-6374
-5319
-5051
-5101
-3849
-1463
-4617
-11420
-15110
-14912
-14201
-13904
-13543
-13007
-11025
-9328
-8870
-10766
-11986
-12995
-9147
-7622
-7696
-8418
-8466
-8314
-8673
-9386
-10441
-12034
-14058
-16330
-18410
9287
9494
9710
9966
10311
10449
10660
10776
10966
11193
11193
11309
11370
9754
6948
959
-2491
-6698
-13019
-17824
-19790
-20433
-19809
-19142
-19160
-19627
-19923
-19815
-18824
-17152
-15238
-12937
-9231
-6353
-4405
-2295
-1053
-4746
-10797
-13573
-13546
-13146
-13291
-12582
-11095
-9765
-10942
-11458
-12718
-9402
-7780
-7934
-8253
-8277
-8134
-8650
-9233
-10024
-11314
-13104
-15232
-16960
9355
9521
9820
10077
10365
10644
10671
10886
11093
11193
11193
11309
11538
11582
10931
9544
6018
1434
-2351
-6603
-12407
-17057
-18325
-18032
-18281
-18814
-19425
-20138
-21042
-22090
-22860
-22240
-19935
-14669
-7437
-5064
-5198
-3808
-2555
-7604
-12727
-12187
-12824
-12994
-12235
-10900
-11247
-11336
-12412
-10300
-8052
-7718
-7960
-8190
-8287
-8601
-8884
-9441
-10608
-12359
-14188
-15709
9367
9671
9888
10120
10421
10576
10737
10954
11109
11193
11193
11309
11499
11726
11765
11738
11278
10118
6907
1878
-2018
-5729
-10891
-15631
-17895
-18665
-19325
-19880
-20727
-21413
-21441
-21084
-21067
-19827
-18079
-12724
-7711
-7231
-11126
-13247
-12287
-11712
-12115
-12601
-12794
-11992
-11714
-11748
-12131
-10713
-8335
-7756
-7864
-8156
-8328
-8495
-8779
-9201
-10261
-11752
-13347
-14829
9494
9710
9900
10243
10433
10671
10886
11093
11193
11193
11193
11309
11499
11726
11726
11737
12030
12221
12073
10760
7500
2544
-1658
-5141
-10719
-16420
-19232
-20283
-21250
-21435
-20667
-19557
-18950
-18833
-18974
-18861
-18170
-15898
-14197
-11507
-11627
-11028
-11742
-12413
-12785
-12425
-11806
-11514
-11389
-10962
-8712
-7958
-7884
-7990
-8053
-8280
-8396
-8818
-9801
-11075
-12526
-13968
9510
9710
9900
10243
10433
10737
10954
11109
11193
11193
11193
11309
11499
11726
11726
11803
11877
10498
6982
5071
7050
9424
7638
2772
-1463
-5184
-11183
-17281
-20511
-21317
-20371
-18785
-17672
-17048
-17261
-18119
-19699
-20879
-19321
-14926
-11956
-10885
-11625
-12270
-12601
-12734
-12220
-11734
-11015
-11135
-9322
-8242
-7724
-7729
-7903
-8130
-8246
-8657
-9425
-10492
-11898
-13270
9594
9710
9900
10243
10433
10765
10856
11066
11193
11193
11193
11309
11499
11726
11737
11875
9959
2011
-6226
-6997
-5582
-2440
2551
6982
7786
3840
-934
-4917
-10378
-16282
-18912
-18488
-17376
-16468
-16148
-16489
-17577
-18349
-17170
-15436
-12208
-10992
-11182
-11734
-12486
-12948
-12724
-11721
-10822
-11308
-9943
-8646
-8065
-7789
-7757
-7885
-7984
-8456
-9117
-10156
-11451
-12811
9605
9820
10027
10243
10433
10699
10788
11050
11193
11193
11193
11309
11499
11726
11792
11283
5389
-5390
-14096
-16906
-16022
-11894
-7696
-5073
-2228
2472
5813
3971
-200
-3424
-6787
-10901
-14555
-16392
-16496
-16405
-16612
-16579
-15934
-14432
-12768
-11501
-11073
-11393
-12415
-13658
-13624
-12771
-11145
-11109
-10228
-8909
-8153
-7710
-7581
-7690
-7957
-8307
-8939
-10010
-11156
-12295
9671
9888
10054
10353
10560
10660
10776
10966
11193
11193
11193
11309
11499
11726
11765
10492
3880
-6535
-18272
-21462
-22288
-21588
-19048
-15482
-10799
-6414
-3407
-799
1505
967
-728
-1512
-2349
-5504
-10848
-15240
-16560
-16095
-15304
-14187
-13252
-12184
-11605
-11810
-12864
-14546
-14336
-12955
-11299
-11016
-10453
-9194
-8454
-7965
-7601
-7651
-7697
-8112
-8923
-9944
-11011
-12012
9710
9900
10204
10421
10576
10660
10776
10966
11193
11204
11314
11546
11626
11726
11726
10663
5625
-2089
-13295
-19617
-21520
-22207
-22412
-22083
-20961
-17920
-12777
-8197
-5998
-5499
-5681
-6968
-6650
-3318
-765
-3576
-9558
-14609
-14946
-14328
-13804
-13419
-12968
-13010
-13756
-14520
-14008
-12827
-11578
-11335
-10796
-9535
-8946
-8374
-7732
-7501
-7579
-7974
-8712
-9905
-10894
-11782
9710
9900
10243
10433
10660
10660
10776
10966
11193
11270
11448
11630
11642
11726
11726
11491
8731
3867
-4495
-12065
-18344
-20333
-21006
-21278
-21179
-20404
-19130
-18200
-16631
-15276
-14067
-11958
-8000
-4934
-3042
-1463
-2868
-9238
-14612
-14037
-14100
-14296
-14586
-14441
-14179
-14057
-13602
-12172
-11634
-11564
-11011
-10122
-9474
-8950
-8427
-7953
-7628
-7822
-8707
-10015
-10982
-11720
9462
9663
10116
10433
10660
10660
10765
10856
11066
11298
11389
11599
11726
11726
11737
11963
11605
9593
4157
-2494
-7792
-14240
-18621
-19720
-19058
-18450
-18513
-19045
-19971
-21055
-21886
-21416
-18645
-12928
-6186
-5185
-8764
-12869
-13785
-13515
-13906
-14493
-15001
-14944
-14597
-13944
-12905
-11997
-11721
-11961
-11254
-10319
-9848
-9601
-9072
-8438
-8079
-8053
-8568
-9846
-10882
-11775
9312
9579
10100
10433
10660
10660
10710
10898
11177
11232
11321
11583
11726
11737
11924
12334
12596
12251
10793
7360
903
-3521
-8218
-12998
-16003
-16795
-17212
-18264
-19473
-20350
-21223
-21072
-20468
-18825
-17126
-13752
-13185
-12866
-13984
-12565
-13231
-13904
-14720
-15159
-15290
-14213
-12786
-11690
-11621
-11948
-11381
-10322
-10209
-10219
-9889
-9372
-8689
-8372
-8479
-9526
-10779
-11743
9177
9483
10005
10323
10533
10660
10726
10844
10982
11193
11309
11499
11726
11814
12207
12596
12708
12858
12793
12062
10373
6145
1357
-1547
-4219
-8577
-13686
-17094
-18808
-19860
-20216
-19509
-18748
-18201
-18497
-18932
-19579
-16476
-13342
-12080
-12539
-13252
-14190
-15111
-15373
-14059
-12503
-11648
-11660
-11832
-11437
-10652
-10509
-10486
-10292
-9900
-9248
-8766
-8663
-9286
-10402
-11530
9177
9483
9939
10255
10517
10660
10710
10898
11177
11204
11419
11626
11737
12029
12453
12708
12803
12941
13008
13209
13057
12632
11069
8132
4151
866
-2930
-8371
-14212
-17826
-18701
-17993
-17164
-16625
-16864
-18196
-18695
-16877
-13186
-11770
-12260
-12716
-13529
-14591
-14877
-13645
-12332
-11459
-11581
-11682
-11762
-10834
-10587
-10770
-10632
-10237
-9653
-9236
-8719
-8901
-9765
-10547
9177
9483
9900
10232
10323
10533
10737
10954
11120
11369
11504
11515
11814
12246
12608
12792
12869
12981
13161
13236
13551
13797
13947
13717
12934
10113
5727
1182
-2303
-6106
-10380
-13709
-14867
-15165
-15762
-17052
-16978
-15622
-12711
-11952
-12187
-12344
-12906
-13696
-13597
-12887
-12021
-11420
-11453
-11552
-11677
-11140
-10853
-10750
-10780
-10558
-9773
-9177
-8673
-8475
-8834
-9172
9166
9373
9773
10166
10255
10517
10765
10856
11132
11311
11447
11710
11919
12326
12708
12803
13018
13186
13324
13417
13636
13658
14084
14330
14558
14286
13592
11067
7463
3509
896
-978
-4418
-9808
-13722
-15597
-15415
-14780
-12457
-11899
-11861
-11982
-12334
-12447
-12550
-12254
-11794
-11420
-11337
-11390
-11407
-11055
-10715
-10804
-10775
-10397
-9613
-8815
-8362
-8048
-7983
-8277
9111
9415
9884
10127
10243
10433
10710
10898
11227
11392
11698
11642
11947
12228
12654
12759
12959
13241
13402
13553
13706
13919
14152
14318
14617
14824
14974
14928
14588
13422
11346
7977
4164
1164
-3757
-10669
-13656
-13581
-12097
-11656
-11574
-11601
-11607
-11637
-11781
-11574
-11468
-11403
-11359
-11233
-11102
-10856
-10744
-10738
-10634
-10320
-9277
-8471
-7992
-7602
-7564
-7907
9138
9471
9816
10138
10353
10560
10737
10954
11186
11487
11642
11726
11881
12160
12583
12840
13082
13325
13441
13592
13857
14000
14291
14468
14685
14851
15111
15345
15489
15879
16062
15580
13987
9887
4433
208
-5429
-10806
-11674
-11581
-11455
-11317
-11207
-11080
-11091
-11201
-11355
-11345
-11209
-11127
-11009
-10871
-10649
-10539
-10335
-9781
-9078
-8047
-7647
-7359
-7251
-7527
9166
9373
9773
10204
10421
10576
10776
10966
11309
11499
11726
11737
11952
12275
12526
12896
13003
13215
13314
13631
13935
14152
14318
14617
14824
15001
15218
15384
15694
16116
16423
16678
16763
16100
14322
9010
3817
-991
-7582
-11344
-11336
-11116
-10938
-10795
-10861
-10929
-10984
-10957
-11029
-10906
-10828
-10676
-10583
-10405
-10135
-9575
-8757
-8038
-7596
-7168
-7091
-7081
9111
9415
9884
10243
10433
10671
10886
11104
11419
11626
11737
11924
12268
12528
12703
13018
13159
13268
13535
13769
14084
14291
14468
14685
14851
15150
15357
15534
15828
16211
16560
16876
16967
17398
17482
16552
13462
6699
450
-6803
-11039
-11077
-10887
-10660
-10699
-10700
-10663
-10448
-10541
-10773
-10514
-10270
-10301
-10464
-10061
-9411
-8684
-8094
-7489
-7156
-6918
-6885
9138
9471
9827
10353
10560
10737
10954
11186
11487
11642
11814
12207
12557
12696
12785
13086
13202
13390
13535
13851
14152
14318
14617
14824
15001
15218
15384
15694
16127
16610
16905
16971
17170
17714
18164
18632
17962
15157
8720
1259
-5852
-10569
-10887
-10649
-10539
-10335
-10091
-10012
-10132
-10032
-9896
-10007
-10214
-10284
-9812
-9393
-8887
-8354
-7821
-7393
-6990
-6900
9298
9720
10104
10421
10587
10886
11104
11419
11626
11737
12029
12453
12708
12803
13018
13225
13325
13441
13631
13974
14164
14468
14685
14851
15150
15357
15545
15938
16404
16733
16983
17243
17554
17876
18343
18797
19138
18490
16001
10047
3189
-2661
-8381
-10340
-10526
-10394
-10165
-10004
-9933
-9902
-9652
-9611
-9830
-9909
-9740
-9401
-8910
-8504
-7982
-7598
-7281
-7154
9432
9804
10159
10444
10847
11081
11186
11487
11653
11924
12373
12608
12803
12979
13213
13241
13325
13441
13631
13974
14164
14507
14697
15001
15218
15384
15760
16195
16665
16956
17144
17471
17869
18248
18632
18960
19291
19620
19160
17364
12570
6218
2146
-3786
-8865
-10155
-10219
-9992
-9926
-9781
-9653
-9617
-9645
-9679
-9491
-9173
-9029
-8650
-8293
-7966
-7664
-7377
9593
10038
10353
10637
10954
11109
11309
11499
11814
12207
12596
12708
12869
13086
13241
13325
13336
13551
13769
14084
14302
14617
14824
15040
15241
15644
15994
16278
16707
16856
17359
17744
18103
18343
18797
19165
19493
19835
20379
20345
19464
16750
10838
6548
2553
-3489
-8345
-9763
-9961
-9971
-9835
-9637
-9594
-9517
-9300
-9145
-8945
-8716
-8411
-8209
-8005
-7632
9788
10120
10421
10692
10966
11193
11309
11499
11919
12326
12708
12792
12908
13098
13336
13446
13639
13746
13851
14152
14384
14685
14840
15040
15307
15751
16022
16335
16662
17111
17703
17949
18348
18632
18960
19330
19698
20092
20552
21145
21617
21235
20290
17060
11199
7076
3199
-2530
-7859
-9845
-10131
-10095
-9969
-9726
-9536
-9298
-9083
-8876
-8726
-8549
-8341
-8467
9816
10243
10433
10776
10966
11193
11309
11499
11958
12338
12792
12792
12908
13098
13402
13580
13762
13774
13974
14164
14507
14697
14935
15150
15473
15763
16106
16296
16716
17200
17799
18115
18427
18797
19165
19493
19874
20391
20979
21404
21708
22153
22547
22350
21041
17480
11892
7832
4489
-868
-6365
-9167
-9644
-9760
-9807
-9630
-9413
-9258
-9108
-9067
-9107
-9078
9900
10243
10433
10776
10966
11204
11419
11626
11958
12338
12781
12682
12770
12988
13303
13521
13731
13858
13974
14164
14507
14697
15001
15218
15489
15763
16106
16307
16865
17378
17906
18348
18632
18960
19330
19698
20092
20541
21036
21364
21749
22097
22588
23086
23282
22888
21530
18489
13403
9089
6206
2557
-2258
-6211
-8108
-8415
-8831
-9216
-9552
-9816
-9871
-9955
9773
10243
10433
10765
10856
11132
11377
11515
11947
12217
12489
12586
12705
12793
13221
13442
13605
13731
13974
14175
14617
14824
15040
15241
15683
15901
16216
16500
16933
17394
17972
18416
18687
19038
19493
19863
20270
20676
21093
21436
21626
22085
22465
23035
23225
23491
23619
23413
22603
20183
16294
12329
9745
7736
4814
740
-3423
-6193
-7715
-8896
-9640
-9905
9757
10243
10433
10710
10898
11216
11321
11583
11881
12083
12421
12450
12403
12765
13098
13375
13563
13853
14084
14368
14685
14851
15150
15434
15751
15983
16295
16665
17083
17599
18248
18566
18892
19314
19698
20026
20396
20803
21093
21436
21637
22195
22592
23035
23225
23463
23678
23924
24152
24269
24043
22998
20658
17727
14754
12340
10322
8106
5066
1775
-1342
-3937
9563
10116
10433
10726
10844
10982
11309
11499
11831
11922
12171
12271
12459
12681
13098
13402
13619
13851
14152
14423
14697
15001
15229
15599
15901
16216
16500
16828
17275
17860
18332
18648
19026
19398
19753
20093
20438
20692
21093
21447
21813
22390
22619
23145
23363
23639
23873
23912
24211
24534
24979
25458
25839
25756
24798
22862
20627
18196
16140
14140
12483
10900
9495
10100
10433
10699
10788
11050
11309
11499
11776
11964
12243
12270
12485
12819
13219
13678
13758
13974
14175
14617
14824
15040
15307
15751
15983
16284
16566
17016
17593
17927
18439
18881
19204
19494
19837
20077
20492
20887
21093
21513
21920
22418
22769
23213
23445
23746
23912
24172
24417
24671
25177
25561
25994
26378
26740
26863
26807
26509
25632
24600
23568
22080
9373
9889
10433
10660
10776
10966
11309
11499
11803
12020
12175
12347
12674
13138
13480
13762
13774
13974
14241
14685
14840
15040
15346
15763
16106
16307
16826
17261
17731
18138
18505
18949
19220
19494
19837
20104
20548
20819
21104
21662
22070
22612
22935
23225
23568
23758
24062
24279
24511
24889
25272
25726
26133
26423
26650
26689
26817
27141
27672
28257
28756
28933
9415
10000
10433
10660
10776
10966
11309
11499
11842
12032
12259
12441
12710
13218
13547
13858
13858
13974
14280
14697
14924
15040
15357
15873
16233
16373
16933
17355
17883
18154
18544
18961
19304
19494
19837
20143
20571
21013
21297
21730
22152
22680
22951
23225
23568
23758
24101
24291
24634
24940
25434
25878
26149
26434
26771
26909
27124
27397
27720
28065
28715
29197
9471
9932
10433
10660
10776
10966
11309
11499
11842
12032
12259
12414
12693
13298
13631
13858
13858
13974
14280
14697
14924
15040
15423
15952
16370
16660
17182
17605
17895
18238
18544
18961
19304
19505
19947
20281
20758
21329
21600
21979
22402
22692
23035
23225
23568
23758
24101
24291
24634
24929
25352
25653
26106
26500
26905
27125
27342
27547
27869
28441
28827
29169
9610
10016
10433
10660
10776
10966
11309
11499
11831
11922
12132
12375
12670
13104
13504
13858
13858
13974
14280
14697
14924
15040
15451
15920
16461
16810
17266
17621
17895
18238
18544
18972
19414
19698
20015
20363
20931
21491
21834
22063
22418
22692
23035
23236
23678
23896
24211
24429
24744
25001
25339
25817
26327
26666
26967
27409
27627
27903
28214
28498
28837
29398
-112
-23
16
45
-231
-218
-165
-230
-14
57
44
81
218
139
60
60
60
-97
-8
-49
-196
-84
-91
-2
69
37
34
24
-210
-186
-102
10
-76
13
-73
16
87
-57
-50
-11
-127
-646
-669
-96
-167
-129
-157
-45
-52
37
-49
40
66
145
148
103
230
186
144
281
202
91
-43
104
-64
-99
3
18
-221
-184
113
57
12
91
139
60
60
60
47
-28
119
50
-25
122
-78
-71
-71
13
6
36
-61
165
0
10
-76
13
-73
16
74
44
111
-122
-4459
-11794
-12372
-6595
-505
-175
-238
-175
-110
164
-49
40
-46
43
-56
-42
176
75
154
189
179
207
79
114
104
87
94
107
45
144
136
57
-100
-11
60
60
60
47
84
221
142
31
41
-51
-186
-124
1
215
253
106
-51
86
-79
10
-76
13
-73
3
111
392
1053
-1359
-12004
-18923
-21699
-14247
-4757
-128
-478
-339
-80
60
-49
40
-46
43
-88
80
186
32
179
78
269
451
-23
3
181
288
281
311
147
192
57
57
-100
-11
60
60
60
28
25
28
72
-525
-1245
-966
-312
-96
-123
-68
-55
-85
-153
7
-79
10
-76
13
-73
-29
121
307
3328
1499
-950
-1932
-13289
-18393
-12626
-2103
-81
-251
-156
72
20
154
23
170
-200
-22
75
154
189
35
182
225
-23
-109
-65
197
222
157
215
123
113
240
96
116
47
129
187
-52
-30
-328
-4089
-9768
-11360
-11394
-10242
-7668
-4745
-2289
-528
-212
-140
-62
-206
10
-76
13
-73
-128
-50
53
6412
3637
2347
3733
-2033
-14792
-15222
-9609
-1561
-31
-1
15
142
145
145
180
-118
36
-151
-4
-105
-39
65
150
-36
-53
19
110
9
88
123
81
330
353
241
126
84
378
210
60
800
-1797
-11152
-14915
-16709
-17860
-17454
-15626
-14043
-12325
-10358
-6938
-2407
-128
-20
68
-203
13
-73
-109
-103
342
7814
5538
3568
4811
5925
-3125
-13428
-14961
-10665
-3530
-156
-72
40
-46
43
69
36
-63
-142
-107
-261
-159
-69
160
-68
37
164
133
-103
-14
12
91
139
60
60
15
94
286
200
187
3102
1656
-1670
-218
-584
-2869
-6625
-10822
-15024
-17380
-17711
-15612
-12341
-8243
-3549
-894
-351
-310
-200
-29
121
348
7575
6728
4550
2874
4258
2892
-5117
-14746
-16585
-13900
-9589
-3005
-42
-104
157
26
160
29
176
75
141
101
94
172
-180
-164
-73
-142
-230
-14
-100
-11
60
60
60
-97
-8
175
309
266
6009
5100
2440
573
720
462
95
-385
-913
-3164
-8095
-15096
-17900
-16019
-13136
-10963
-8558
-6165
-3627
-1017
-50
-194
5879
9173
6577
1648
2695
2640
1533
-4013
-12356
-19443
-18886
-14547
-6546
-5
148
148
151
151
199
-37
-6
181
353
232
-180
-132
-163
-287
-253
-14
-87
-80
-67
60
60
-97
-8
63
175
277
6033
9135
8501
3775
1345
1181
484
-87
45
123
297
-1508
-5087
-10880
-15949
-16975
-16248
-15396
-13770
-11551
-7704
-2940
2997
10043
6577
1951
1592
2100
1503
1520
633
-5328
-15625
-20777
-15599
-6701
-170
46
-40
49
107
19
46
216
163
150
-167
-89
-76
-119
-105
113
-55
-189
-159
-67
60
-84
-77
-51
-6
-64
3455
10172
12513
11581
8501
3656
1037
508
83
-50
223
870
1454
984
-1108
-4667
-8978
-13540
-17506
-18444
-16785
-13201
-6510
6825
8553
6106
1226
2140
2095
1945
2233
3204
-197
-11344
-19200
-14623
-4961
-81
-40
49
75
122
10
10
-28
16
-135
-211
-112
-69
75
9
57
-68
-133
37
60
-52
-186
-111
-242
-143
-21
3577
9888
14791
14111
11730
7777
2927
660
26
107
832
929
681
711
855
596
114
-2310
-7433
-15295
-18444
-15003
-5257
8027
9188
5124
1964
2852
2230
1833
2508
3867
945
-11103
-16600
-13651
-4155
-96
-147
-164
-60
-280
-161
-155
-83
-92
-236
-65
-27
-113
-162
-70
12
91
139
60
60
-52
-55
-62
-27
-265
-300
807
5161
11799
15491
14186
12087
9554
5625
2339
1187
939
745
546
573
356
217
358
701
-1428
-7996
-15705
-15797
-5933
3845
8266
5856
1441
1610
2210
2362
2752
4119
-584
-12282
-17142
-13222
-4504
-292
-187
39
-90
-8
-51
-64
-145
-132
-177
-17
-58
-205
-93
-100
-11
60
60
60
203
-237
-3213
-7496
-8738
-7617
-4805
-2095
754
5790
12335
16092
16336
13896
11396
7234
2695
747
276
280
156
66
19
481
1257
1713
-3420
-12709
-16369
-7957
-349
3750
5044
1685
1683
2242
1845
2466
3556
-1529
-12974
-17005
-13131
-4752
-235
20
56
30
-7
156
66
39
-50
-17
54
-103
-14
-100
-11
73
-9
-2
691
-3384
-12631
-16002
-16624
-15799
-14070
-12583
-10791
-9437
-6039
247
7836
13303
15081
12979
10545
7241
3140
788
63
-147
-36
334
1068
1965
2375
186
-7122
-14360
-11797
-2382
550
3040
2868
1889
2153
2436
2688
3410
-1541
-12029
-16489
-13579
-6572
-708
-192
-132
127
155
-137
-45
-27
-17
54
-103
-14
-87
-67
-91
-258
330
1514
-4096
-5669
-4592
-6817
-11102
-15630
-17802
-17825
-17140
-15830
-13899
-11117
-4536
4232
11659
14846
14286
12148
9394
4257
1040
463
444
1018
1644
2214
2676
2648
-1084
-8416
-11878
-6866
-3713
-2673
187
1564
1923
2214
2421
2931
-1075
-10611
-16952
-15905
-10841
-2499
278
222
278
-302
-43
-106
-17
54
-103
-14
-55
-170
-68
30
1481
4464
1665
769
966
872
520
-641
-2105
-4516
-8364
-13896
-18378
-17798
-14816
-12306
-8069
-66
9032
15809
16093
13562
11000
5141
723
358
1015
1813
2502
2665
2475
2056
-2688
-8191
-10515
-7184
-2960
75
1109
1695
1987
2027
2459
-192
-8980
-19077
-20004
-13478
-3187
54
51
-147
-68
-106
-17
41
-34
113
44
81
330
273
2885
7581
5873
2733
1770
1664
1026
576
314
290
410
-284
-2964
-8446
-14881
-17584
-16771
-15173
-13130
-7369
1580
9681
13882
12261
7658
1642
404
1198
1761
2233
2481
2915
2966
1507
-1711
-5675
-5387
-2227
-56
843
1089
1162
1188
1854
1858
-5943
-19092
-21134
-13094
-2057
19
-371
-183
-37
110
9
88
136
12
91
139
172
2319
8436
9550
9412
6395
3285
1479
937
546
621
672
586
1203
1414
-298
-4013
-9581
-15225
-19047
-19727
-18807
-14160
-5000
4434
9667
9238
4003
398
745
1217
1319
1024
1498
2760
1942
-3072
-5112
-4024
-536
981
1466
1266
909
1373
2759
2770
-5895
-19321
-19333
-11277
-1038
-269
-136
85
133
-103
-14
57
-100
-11
60
60
540
4890
10720
13745
13159
11488
8510
4213
1822
994
761
743
1524
1603
1796
1377
942
350
-2193
-6032
-11176
-16748
-20208
-13282
-2185
6058
8614
5368
263
-28
142
303
2469
3951
3799
1576
-2418
-3876
-2365
860
1934
1691
1154
1016
2004
3069
2169
-8352
-20183
-19268
-12183
-269
-248
-17
54
-103
-14
57
-100
-11
60
60
172
373
2495
6877
12459
15228
14270
12658
10464
6436
2357
776
1089
1133
1444
1537
1520
1221
919
351
-323
-1449
-6353
-14358
-16317
-7380
1141
4939
7237
3308
-74
1193
3030
3376
3874
4051
943
-4564
-5065
-627
1028
1659
1570
1060
1763
2794
3006
1003
-10691
-21700
-21939
-200
-121
-17
54
-103
-14
57
-100
-11
60
60
60
15
94
30
1193
5106
10588
15289
15795
13980
11295
7944
3181
639
475
721
1134
1261
1278
1009
1409
1487
1704
-711
-7854
-14878
-12098
-2673
3178
6839
6213
1779
1926
1891
2385
2791
1911
-5073
-4571
-906
-63
708
1212
1243
1981
2672
3265
3522
1118
-8911
-21357
-78
-98
-17
41
-34
113
57
-100
-11
60
60
60
-84
1
-140
-2155
-4976
-4078
1136
7739
13502
16037
14033
11428
8588
4572
1371
746
860
526
913
1909
2462
2842
2696
2090
-1511
-9032
-14148
-8964
711
-482
784
543
554
906
2229
2855
-2896
-1665
-624
-600
-76
351
912
1562
2419
3282
3792
3327
2347
-4347
16
-50
-30
78
215
136
44
-31
116
60
47
116
222
343
-3324
-12071
-14805
-14435
-12162
-8833
-3360
3729
10677
15056
14853
12551
10657
7906
4113
816
327
715
1231
2039
2538
2464
2088
1219
-3648
-11308
-12109
-7033
-35
759
730
845
2845
2634
-1163
-359
-582
-498
-325
184
837
1227
1661
2428
3063
3167
2914
2548
275
42
65
88
136
57
12
91
139
60
15
193
922
1010
-6102
-10689
-12160
-16079
-17844
-16630
-14233
-12915
-9541
-2106
7144
13886
16183
15645
13567
11228
6472
1432
147
534
1175
1660
2416
2596
2217
411
-2608
-2024
-677
795
964
1060
2964
1266
-1143
173
435
251
178
434
667
1053
1364
1733
2547
3254
3173
3030
85
85
-24
-14
44
113
96
116
60
60
-97
-53
1957
4946
2134
1291
1540
-900
-5626
-11548
-16513
-18929
-17985
-15145
-12087
-6428
2078
10710
16752
17522
14380
10637
5858
1024
-101
444
1490
2133
2961
2876
1166
-1234
-1738
-49
1007
983
2915
-409
-1947
137
825
514
277
267
615
1053
1219
1407
2175
2650
2694
2879
-106
-17
-103
-14
12
203
241
126
116
243
99
-38
3164
7953
6162
3018
2543
2224
1334
669
-838
-4398
-10562
-16050
-17624
-15886
-13971
-12422
-7631
1724
11439
15275
12997
9703
4222
-229
-23
499
1322
1295
662
-1660
-2703
-1517
-57
890
3752
-436
-1429
307
539
186
178
235
516
795
1201
1421
1774
1921
2064
2410
-106
-17
-103
-27
-31
116
60
15
206
356
244
-15
2382
8961
9799
9520
6574
3796
2095
1446
1093
1106
1086
-247
-5158
-11832
-16874
-18622
-18435
-17237
-14032
-7396
894
8472
10784
8787
3225
-473
-205
53
709
-731
-2607
-2684
-1606
-597
3212
-58
-803
-585
67
346
-12
3
283
594
751
1029
1392
1543
1788
2093
-37
110
-103
-46
22
12
60
-97
-8
63
63
-94
523
5754
11143
13623
12888
11058
6972
3365
1935
918
938
1575
1770
1645
349
-3178
-8797
-14467
-18684
-21461
-19068
-7921
2977
10824
11320
8510
3451
-40
801
604
-699
-2218
-2522
-1971
1701
-330
-1353
-1449
-40
238
-256
-27
227
302
408
892
1419
1707
1716
1807
85
120
-34
-12
-133
37
47
-28
119
63
63
-94
-117
412
2939
7554
12695
14583
13369
11420
7350
2650
941
906
712
709
930
1579
2411
2532
1803
-1650
-9403
-17502
-14992
-4721
4276
9680
10317
5438
405
1275
678
-763
-1353
-1506
704
72
-1258
-1831
-348
272
164
103
75
-82
322
840
1400
1596
1451
1689
-17
9
88
91
91
139
15
94
142
63
63
-94
-5
66
-46
-36
2006
7341
12798
15271
13746
10785
6739
2261
266
67
-63
-40
-50
-230
715
1899
2461
-2099
-10819
-18113
-15687
-6150
1287
-358
160
923
1120
220
-625
-1158
22
577
-1189
-1500
-418
202
207
79
33
87
402
627
993
1147
1139
1285
110
-103
-14
-100
-11
47
-28
119
63
63
63
-94
-5
66
66
53
-246
-12
2031
7116
12888
15063
13402
10454
6802
2274
91
-145
-603
-849
-25
945
1763
2457
2498
-1236
-9273
-16409
-13552
-6870
45
428
754
397
-488
-1001
-755
946
-505
-1030
-779
-231
-114
168
206
135
292
517
838
1071
1124
1090
133
-103
-14
-100
-11
15
94
142
63
63
63
-94
-5
66
66
21
269
-477
-3636
-6204
-2999
4838
12052
15026
14154
11612
7675
3337
649
-535
-540
-23
685
1438
2182
2981
3315
959
-2558
-1658
-186
364
230
266
284
-387
-782
641
-30
-937
-1034
-437
-100
385
319
248
405
617
863
1243
1259
1073
54
-103
-14
-100
-11
-84
-77
-64
63
63
63
-94
-5
66
53
69
734
-4276
-13386
-15937
-15102
-12510
-7061
2017
11882
16618
15589
13406
9698
4092
486
-603
-445
-8
515
1294
2101
2442
854
-768
-1019
121
442
427
405
-403
-1608
-135
24
-1068
-1206
-563
-334
67
13
24
239
292
548
849
866
910
41
-34
113
-100
-11
-52
-199
-87
63
63
63
-94
-5
66
34
450
1954
-4393
-9017
-11846
-16852
-18438
-16930
-14899
-11228
-2398
9041
16587
16819
13979
10607
5975
2040
-270
-407
396
1032
1127
783
-836
-1150
-513
484
895
428
-288
-2092
-794
-130
-697
-923
-831
-604
-48
50
273
249
249
461
543
517
647
9
88
123
-31
116
60
-97
-8
63
63
63
-94
-5
66
-46
1188
6384
4031
2033
1502
-1065
-5801
-12132
-17868
-20044
-17934
-13521
-6340
3473
11479
14069
13591
11888
8995
4361
789
-628
-266
-112
-430
-1062
-1336
-655
321
256
-511
-2425
-1171
-97
-337
-358
-550
-400
-197
-67
181
207
498
484
511
594
624
-103
-14
12
91
139
60
-97
-8
63
50
119
102
122
66
66
1877
8325
8428
6182
2154
1378
1358
1365
-393
-5747
-12788
-17545
-17871
-16212
-12604
-7254
-686
5176
10747
13272
10878
5783
739
-479
-420
-721
-1483
-1702
-1026
-170
-97
-607
-376
-132
-845
-846
-711
-742
-777
-319
70
204
488
532
399
348
533
-103
-14
-100
-11
60
60
-97
-8
63
18
209
247
145
66
66
917
7111
12046
12198
8061
3102
1559
1071
1289
1416
1393
-618
-5039
-10352
-14661
-18352
-20621
-17196
-6490
3946
12234
12388
6405
-24
-28
-435
-990
-1642
-1695
-295
347
4
471
-1
-874
-1015
-784
-933
-990
-711
-492
-57
531
568
330
109
306
-286
-210
-227
-11
60
60
-84
-77
-64
-81
-74
-61
66
66
53
-35
2277
8488
13956
13538
11073
6118
2187
1062
1173
1607
1447
1276
1415
1386
726
-3284
-11035
-17830
-16478
-7237
1341
777
732
855
525
51
-541
-930
-361
-429
-393
436
218
-485
-664
-365
-606
-957
-1182
-922
-584
162
577
404
226
218
-399
-355
-250
-11
60
60
-65
-130
40
-49
-196
-84
66
53
77
251
309
1482
6693
12855
15151
13119
9810
5690
2550
1461
1177
773
493
408
675
1099
1579
-2356
-9475
-15483
-11256
-6471
-303
1039
1135
1215
720
-210
-659
-1182
-710
9
-13
-531
-513
91
-225
-598
-939
-1083
-1047
-252
708
834
556
143
-106
-174
-158
-80
-67
60
28
25
15
63
-94
-5
66
8
124
309
151
40
405
3091
8986
14095
15367
13175
10866
7539
3964
1435
960
526
472
646
1449
1850
2270
540
-3013
-4075
-539
499
866
1023
965
39
-845
-1066
-222
201
410
-595
-537
-256
-330
-465
-756
-749
-1021
-531
225
695
917
563
-106
-174
-126
-202
-90
60
-65
-130
40
50
-25
122
53
-67
159
151
59
29
52
-85
791
3736
8949
13669
15176
14014
11814
8498
4856
1905
861
748
875
1127
1723
2687
151
-970
248
114
337
570
1080
748
-180
-247
-151
-22
609
-291
-612
-518
-126
-129
-456
-374
-654
-722
-123
512
1062
1062
-106
-174
-14
-87
-80
-67
15
94
129
100
155
18
8
12
207
72
27
250
134
118
-13
22
-69
1681
5767
11581
14747
14941
13167
10675
7072
3608
1682
1233
932
1840
-244
-145
256
22
-26
470
1179
921
518
317
-159
-134
350
-25
-334
-350
-155
-156
-378
-507
-404
-315
49
605
1134
1578
-93
-243
-141
-55
-202
-90
-84
-77
-96
60
-104
43
-136
32
151
59
-16
243
164
191
167
17
-10
25
-290
1288
5107
10896
15238
16233
14502
12444
9796
5465
1964
1901
-119
-239
-224
-44
3
348
863
907
983
388
-88
-134
193
163
-73
-197
29
106
-369
-314
-182
78
141
416
770
940
-74
-296
-37
57
-100
-11
-65
-130
-85
-15
145
145
-235
-139
-42
-42
-21
154
30
141
35
10
112
147
-7
140
-41
566
3095
7498
12465
15344
14976
12931
10072
5380
952
86
-5
204
298
308
555
614
568
298
65
-76
-78
138
142
177
19
164
19
-339
19
111
114
215
365
421
6
-72
65
44
-31
116
15
94
97
97
145
66
-203
-261
-46
-207
-19
75
-82
119
167
69
137
36
115
150
108
245
9
-138
694
3540
9039
14426
14700
12477
7814
2343
370
11
103
217
286
413
426
357
150
-106
-86
-95
-98
-108
-73
-4
78
-301
-113
10
182
61
407
544
-93
-243
-141
12
91
139
-97
-8
-94
-5
66
53
-22
-32
113
17
96
6
-209
7
33
112
147
-7
140
39
118
153
-14
58
149
-176
147
3491
9849
15092
13500
10145
4022
-71
-213
-108
83
233
265
143
232
222
199
8
-126
-83
-105
86
66
-189
-173
-151
-135
-8
264
514
-74
-296
-37
-100
-11
47
-28
106
-25
122
53
77
283
187
115
-16
163
-60
-36
121
-10
137
36
115
150
-4
143
42
76
190
228
132
139
-149
1162
6183
12599
14793
10602
4475
247
-220
-131
-60
52
141
276
498
487
207
233
411
50
-197
-386
-248
-309
-375
-349
-110
-52
62
6
-72
52
-31
116
15
94
97
97
145
8
124
421
253
106
106
266
132
188
112
112
147
-7
140
39
118
153
-14
45
173
366
264
186
156
149
116
3131
10058
13729
10991
5291
288
-131
-73
-4
78
237
573
352
242
486
609
184
-136
-312
-279
-459
-456
-453
-306
-198
195
-50
22
68
91
126
-28
106
-25
122
53
-67
159
151
59
-16
131
75
-82
7
-79
10
36
115
150
-4
143
29
145
285
206
162
120
212
167
202
96
39
2606
9390
13867
12000
7438
2293
162
30
-104
-127
66
178
168
173
329
284
275
58
-277
-445
-569
-553
-507
-484
-337
40
167
-21
-24
84
221
97
97
132
77
139
207
59
96
233
154
75
-82
7
-79
10
-76
13
39
118
153
-46
167
84
152
38
186
204
70
116
126
211
256
2297
8836
14319
14016
11085
6137
1388
-256
-421
-350
-382
-305
-59
81
160
114
49
107
-129
-263
-297
-530
-475
-507
-105
100
-31
71
94
142
-94
-5
8
124
309
151
27
106
154
75
62
-13
121
-10
124
-7
140
-73
3
111
91
69
58
35
-37
301
238
202
96
119
129
201
171
1415
6048
12549
15910
13960
11246
6230
1775
266
-42
-415
-375
-260
-54
-99
-20
28
-208
-231
-294
-376
-418
-379
144
91
91
-18
-8
63
-94
-5
-136
32
151
72
-85
4
62
131
226
236
112
112
115
115
163
-73
-29
121
12
-90
-179
-43
169
224
14
116
126
99
122
100
169
366
561
2378
7932
14426
16829
14275
11304
6904
2136
98
-359
-456
-364
-394
-305
-247
-322
-175
-356
-408
-419
-705
65
-100
-11
-97
-8
63
-94
-5
-248
-70
72
72
-85
4
30
221
259
157
-79
10
-76
13
71
-4
-14
19
-67
22
-109
14
212
136
123
96
119
129
89
69
53
141
43
-69
-22
2414
7980
14187
16576
14556
11925
8145
3304
471
-50
-367
-474
-575
-496
-448
-559
-517
-718
-708
-14
-100
-11
-97
-8
50
-25
122
-248
-70
85
3
-199
-65
-196
-62
-49
78
-79
10
-76
13
39
118
9
19
-67
9
-152
-73
18
14
116
126
99
122
100
182
118
-60
-139
-293
-204
-242
-8
2139
7356
13874
17147
15957
13376
10706
6925
3178
1290
701
355
-80
-502
-688
-792
-713
-141
-100
-11
-84
-77
-96
28
18
-235
-126
-92
-164
-132
-314
-187
-171
-141
-49
-79
-3
-7
140
-73
3
-1
133
2
104
-30
-50
-14
136
27
-8
129
102
13
-111
49
-37
52
-191
-13
-28
61
20
-239
1307
5795
12074
16551
17130
15610
13773
11993
8899
5455
2864
1673
643
-26
-267
-164
-100
-11
-65
-130
-72
-196
-84
-203
-216
-144
0
-167
-235
4
-50
-115
42
-10
92
115
150
-4
98
121
124
111
84
-18
-73
70
148
4
76
122
132
105
16
49
-37
39
-122
114
-28
61
119
44
79
-236
401
3214
8195
13542
16658
17144
16023
14729
13806
12135
9822
7399
5497
-154
-227
-11
28
25
15
-94
-5
-78
-71
-170
-33
-167
-156
4
30
109
112
112
3
13
39
105
78
133
2
104
114
42
144
215
139
94
221
33
11
79
-88
49
-50
76
127
124
41
175
156
293
201
47
37
-199
-266
176
2583
6573
11257
14983
16966
17584
17452
16838
16269
-276
-250
-11
-52
-199
-87
-94
-5
-59
-124
46
56
-19
-42
60
114
134
-79
-3
-7
140
-73
-29
121
124
124
2
49
100
-47
21
17
7
40
-46
-82
-76
-63
49
-82
86
48
13
163
166
166
201
159
283
116
109
155
21
46
-176
-277
607
2702
5833
9317
12850
16123
-243
-298
-11
60
-97
-8
-94
-5
21
100
148
11
159
145
277
259
157
-79
-35
115
163
-73
-141
19
-67
9
-40
173
90
1
-11
139
30
40
-46
-2
148
39
36
-125
98
38
28
61
-25
64
90
169
172
127
241
135
46
79
150
38
-221
-336
-487
-385
-234
474
-296
-194
-11
60
-97
-8
-94
-5
-91
-2
69
-120
78
-28
86
78
78
-79
-147
13
84
-73
-154
88
60
-23
-30
62
133
24
-123
37
-49
40
-46
-114
33
29
131
-3
89
160
51
61
-25
64
-22
67
-19
-87
28
178
69
66
206
320
245
360
157
-3
35
-26
-72
-92
-11
60
-97
-8
-94
-5
-91
-2
69
-200
-258
-232
7
78
78
-79
-147
13
84
-73
-186
197
139
48
64
-2
31
-55
-123
37
-49
27
23
0
57
334
225
91
25
58
-28
61
-25
64
-22
67
-19
-74
-140
-120
-137
34
296
401
480
403
134
95
295
174
-47
-171
-11
60
-97
-8
-94
-5
-78
-71
-58
-88
-143
-222
-120
78
78
-79
-147
13
84
-73
-285
-6
23
161
209
21
31
-55
-123
24
20
122
145
-9
35
345
259
236
48
58
-28
48
44
178
47
181
50
72
-174
-82
36
49
69
65
199
180
272
160
-31
-73
