977
3076
777
-2652
-1938
-4222
-823
2742
382
8506
-1010
-4554
-793
-782
7074
5970
469
-3532
-5811
-943
3640
8097
1267
-5792
992
-1547
-216
-654
-1838
2109
1661
-510
2860
4445
3464
-2089
418
2825
7711
3397
-4574
-4543
421
2724
5940
6094
4973
3461
787
-1507
-1956
2524
2864
2887
840
1492
5420
7557
6186
7502
1709
1306
857
1052
-3814
-1124
1824
4322
5202
7466
4968
7003
1359
-342
-2012
5073
5531
-996
254
2850
4770
8037
5369
5325
1405
1438
-921
-413
823
-1604
3509
5307
5964
5888
5734
4891
1173
1051
1858
2091
1209
-3020
-1311
2876
8058
8592
5501
4550
1030
1376
1762
2015
1808
937
-572
-1996
4895
10463
9600
6539
1063
1106
1507
1390
1051
1534
1205
-1346
1215
4966
5221
6494
1146
1196
1016
1047
757
1005
528
165
1830
1468
-93
629
101717
101619
100098
98191
102196
107086
107640
102206
92958
92090
101429
103956
102141
102163
98313
85621
77848
84118
94120
100818
96651
87753
91613
101146
101688
100579
98882
94586
87267
83660
80844
81389
89034
91650
91707
96146
99690
94175
82707
78071
83865
88163
89256
88081
88399
89732
92493
94484
101199
98708
91832
86127
83658
78614
77845
84554
89256
91470
93149
93797
100193
94949
86630
84950
88258
85768
83283
83571
85976
92440
96337
96684
100583
96965
90174
85056
82482
80014
83224
85838
88010
94036
97770
98505
101560
100748
97106
92158
87761
84183
82252
83136
86768
94205
98413
99241
101703
99889
94350
83460
78926
83801
87779
87872
91909
97362
98201
99208
101753
100831
97911
90615
82278
79364
79699
84109
93017
98942
100082
99466
101810
101868
101362
99597
96313
90239
85244
82479
86657
95583
102411
103591
101786
101722
101704
101867
101885
100637
97956
92292
85905
82946
87363
96998
-50485
-49579
-39478
-29846
-28768
-34631
-37357
-31797
-23605
-23997
-31039
-37049
-49269
-49082
-42520
-27657
-20649
-20706
-23240
-32084
-29649
-22915
-27202
-37476
-48962
-42118
-33194
-32302
-32933
-28219
-22026
-18717
-25285
-29815
-30577
-34260
-50796
-46721
-33228
-21700
-21631
-21021
-29082
-27552
-25513
-28960
-35936
-34280
-48970
-45158
-40993
-32534
-29639
-19900
-15426
-21348
-29397
-32261
-37513
-37464
-51225
-46650
-36774
-22855
-21681
-29490
-26589
-23940
-24575
-34055
-39537
-40524
-50912
-49879
-44650
-32414
-16916
-16479
-20803
-24633
-25934
-33856
-40275
-41636
-50745
-48725
-40645
-33116
-30787
-28595
-25920
-21427
-25019
-35349
-40746
-42269
-50865
-52127
-50352
-38960
-30406
-26474
-28498
-29511
-29615
-37129
-41059
-42008
-50931
-50709
-49273
-48296
-46339
-41606
-35015
-31684
-32773
-36854
-40896
-41953
-51062
-51283
-50996
-49852
-48079
-47044
-48032
-42219
-36795
-33701
-37538
-40184
-51131
-51326
-51385
-51678
-51899
-50842
-50068
-49007
-46082
-41443
-36944
-36286
3578
-2731
-6225
-2457
3328
-3881
-6201
-2411
2728
14813
14208
8461
-251
-11973
-16900
-11677
3680
4406
8715
6762
-2263
6324
16955
12204
-377
-8084
-7237
-4223
-9211
-13624
-1664
7169
8085
7431
9056
9780
-1736
-15144
-9618
5140
3914
4447
3070
-1715
2404
8204
9115
7983
-260
-10969
-10129
-10155
-16905
-4686
6894
11813
10474
5635
5621
6337
1256
-4616
-2610
2158
1609
-1878
-8247
-1796
8697
9661
6418
5236
2529
-4340
-11528
-16669
-5348
4854
7025
10681
8436
6619
6984
5962
4065
843
-2003
-4201
-1434
-9597
-10703
4005
11169
8768
5643
4985
4367
2014
-2736
-4572
4795
4636
1768
3177
3914
4677
5602
4990
4540
3400
1291
105
1445
-2493
-88
1439
-451
-3057
-72
3730
4728
4443
3942
3458
4183
3140
2374
-2182
-6455
-5416
-6632
-8977
4475
4305
4446
4487
4552
3962
2596
688
-4083
-4206
-4018
-8191
221241
221034
221729
211079
205435
207241
207524
214539
205483
197914
193673
200775
224818
226334
223247
207753
192481
190117
195540
206152
208688
201840
194829
194664
224780
225618
219533
210974
206124
199878
196401
192093
202443
205640
204372
201490
227264
228557
212311
197294
195675
197667
202370
202198
204714
206940
210302
210307
225445
229966
221125
209276
203632
195968
190750
197944
202715
209752
213612
216469
223736
226353
213946
200934
199494
200900
200777
201650
200564
209833
214245
218113
222840
229357
226805
211928
199564
191214
194186
197085
199519
210808
215455
217249
221655
225025
227217
218407
209560
205161
203521
198947
198526
210299
216496
217229
221375
224055
228489
220743
209792
205846
209935
206134
207035
215900
216991
217052
221333
222338
224696
223394
219751
215192
215509
213690
217958
222329
223453
219791
221229
221455
221726
222489
222216
219117
221128
221280
221868
225295
228267
229384
221293
221476
221354
221496
221518
221683
223783
224650
224076
221051
216776
222242
270656
263112
249638
234936
242900
247606
245092
245760
238441
245034
257017
256082
270495
254062
241541
228358
228854
237453
241343
251281
246491
243965
254203
260651
267834
251800
237194
242490
236936
230072
234839
240014
252050
260374
260879
259901
268168
251042
231107
231962
235009
236763
244677
243357
250826
259654
267160
265579
268949
255650
242594
236396
228933
228298
234650
244779
260040
263329
265220
269236
268913
257597
240778
232234
236609
241951
237917
238925
252725
269339
269500
270403
269870
268330
249548
231395
224232
228521
238432
248592
258482
266150
270956
271886
270896
266196
251387
235263
240550
236699
230274
242888
260042
269744
271279
272340
271040
269094
263971
248442
240954
242111
240250
245329
255564
266704
272243
272412
271202
269708
268606
266986
259507
254007
246770
241464
249518
255022
262838
269923
271226
270775
269686
269004
267925
264607
263283
250871
241702
239944
248562
254344
270987
270674
270603
270041
269800
267997
267704
264348
253834
244470
239612
241482
41348
43332
45791
43818
44325
48277
50421
54420
52498
48700
47448
44707
40013
42497
48990
52372
54138
52321
48731
51515
53293
49955
48420
48106
40550
42201
43216
45063
50945
52912
55264
55453
51910
51238
48374
48241
40728
43690
49961
53236
50734
48633
50760
54516
52271
49646
47010
46798
39982
41391
43429
49858
54010
56931
54731
53528
53932
49903
46806
46774
40878
42044
49920
51851
49115
49219
51840
55940
53920
49099
46325
46133
41313
41015
44952
50550
54570
56513
52577
55118
53435
47507
46315
46283
40829
39686
42238
43518
46214
49070
52686
56862
51876
47945
46531
46416
40451
41027
43160
43536
46346
45004
45802
51368
52326
49131
46422
46097
40447
41145
43094
44350
45683
43288
43673
47242
46288
48423
50792
48329
40313
40250
40593
41402
42663
43304
44231
46110
44181
43571
45017
45377
40435
40209
40044
39830
39622
40226
42560
44283
44891
43578
44999
42036
-29486
-29213
-27123
-29391
-30627
-24524
-20019
-18535
-22188
-32670
-26447
-21177
-30330
-28976
-24146
-18266
-22063
-25779
-28236
-27136
-23736
-27043
-28566
-24822
-30252
-28021
-28505
-26425
-20166
-17070
-17115
-22382
-28377
-29439
-29434
-26775
-29487
-27413
-25185
-25421
-24328
-26535
-26799
-22469
-22890
-29129
-32353
-30734
-29104
-26225
-26317
-22152
-14706
-15975
-23590
-28393
-29887
-30082
-29913
-31700
-29576
-28460
-27513
-28263
-25952
-24155
-20075
-18943
-25874
-31805
-30208
-30646
-28859
-28181
-27269
-22504
-17337
-18397
-27048
-28325
-28188
-29890
-30410
-30189
-29701
-29469
-26458
-27949
-29094
-21767
-17356
-20587
-29484
-31092
-30286
-29783
-29732
-28990
-27513
-27525
-28791
-28694
-29885
-29503
-27720
-29373
-31166
-30160
-29751
-28682
-26465
-25447
-26977
-27541
-28411
-30421
-35354
-31727
-27724
-28776
-29796
-29841
-29499
-28037
-26246
-25421
-27106
-27725
-31464
-33173
-31701
-28857
-29742
-29829
-29728
-29939
-29779
-28645
-26673
-25334
-25813
-29073
-29504
-29966
