-128
-119
-128
-128
-114
-128
-128
-117
-128
-128
-123
-127
-128
-128
-128
-128
-118
-118
-128
-126
-125
-126
-116
-124
-128
-128
-128
-128
-107
-110
-128
-128
-128
-128
-127
-121
-124
-128
-87
-82
-128
-110
-128
-128
-128
-128
-128
-128
-128
-128
-128
-128
-128
-128
-128
-128
-128
-128
-128
-128
-127
-128
-128
-128
-128
-128
-126
-126
-126
-128
-128
-113
-128
-85
-67
-74
-73
-84
-123
-70
-68
-62
-79
-93
-128
-73
-65
-54
-77
-111
-128
-98
-57
-68
-79
-118
-128
-114
-82
-88
-90
-119
-128
-128
-128
-123
-101
-108
-125
-128
-122
-108
-87
-80
-128
-119
-122
-113
-109
-104
-128
-128
-128
-97
-102
-115
-123
-128
-120
-101
-99
-113
-121
-128
-121
-126
-121
-118
-121
-122
-121
-128
-128
-128
-123
-128
-128
-128
-128
-128
-115
-128
-128
-128
-128
-128
-110
-128
-128
-128
-128
-128
-112
-119
-128
-128
-128
-128
-128
-115
-128
-128
-128
-128
-128
-128
-128
-128
-126
-112
-128
-128
-128
-128
-128
-128
-128
-128
-128
-128
-128
-128
-128
-128
-128
-128
-128
-128
-128
-128
-128
-128
-128
-128
-128
-128
-128
-128
-128
-128
-128
-128
-128
-128
-128
-128
-128
-111
-105
-104
-108
-124
-128
-108
-109
-100
-111
-124
-128
-113
-95
-99
-105
-128
-128
-117
-97
-95
-107
-128
-128
-128
-128
-114
-111
-116
-128
-128
-128
-128
-128
-128
-120
-88
-100
-89
-100
-97
-116
-109
-85
-85
-102
-114
-112
-100
-78
-90
-111
-123
-118
-101
-86
-86
-118
-123
-119
-110
-114
-119
-117
-117
-123
-118
-110
-109
-111
-120
