-128
-128
-128
-128
-128
-128
-128
-128
-128
-114
-128
-128
-128
-128
-119
-123
-128
-128
-128
-128
-128
-116
-128
-128
-128
-128
-128
-128
-128
-128
-128
-128
-128
-128
-128
-128
-128
-128
-117
-128
-128
-128
-128
-128
-123
-123
-127
-128
-128
-128
-128
-128
-128
-128
-128
-128
-125
-118
-123
-118
-128
-128
-128
-128
-128
-128
-128
-128
-126
-118
-127
-120
-128
-128
-128
-126
-125
-128
-128
-128
-128
-116
-125
-126
-128
-128
-128
-128
-128
-128
-128
-126
-123
-124
-124
-127
-128
-128
-128
-128
-128
-128
-128
-128
-116
-114
-125
-128
-128
-128
-128
-128
-128
-128
-128
-128
-127
-107
-110
-121
-128
-128
-128
-128
-128
-128
-128
-128
-128
-127
-126
-121
-128
-128
-128
-128
-128
-128
-128
-128
-128
-128
-128
-128
-127
-128
-128
-128
-124
-87
-82
-124
-128
-128
-128
-110
-124
-124
-128
-128
-128
-128
-128
-128
-128
-128
-128
-128
-128
-128
-128
-128
-128
-128
-128
-128
-128
-128
-128
-128
-128
-128
-128
-128
-128
-128
-128
-128
-128
-128
-128
-128
-128
-128
-128
-128
-128
-128
-128
-128
-128
-128
-128
-128
-128
-128
-128
-128
-128
-128
-128
-128
-128
-128
-128
-128
-128
-128
-128
-128
-128
-128
-128
-128
-128
-128
-128
-128
-128
-128
-128
-128
-128
-128
-128
-128
-128
-128
-128
-128
-127
-128
-128
-128
-128
-128
-128
-128
-128
-128
-128
-128
-127
-128
-128
-128
-128
-128
-128
-128
-128
-128
-128
-128
-127
-126
-128
-128
-128
-128
-128
-128
-128
-128
-122
-113
-127
-127
-127
-126
-126
-128
-128
-128
-128
-128
-128
-128
-128
-128
-116
-91
-88
-103
-110
-96
-75
-76
-94
-109
-128
-128
-124
-85
-67
-68
-74
-97
-91
-73
-84
-111
-128
-123
-100
-97
-99
-87
-71
-62
-79
-91
-93
-102
-128
-128
-100
-70
-70
-68
-89
-85
-80
-89
-107
-102
-128
-128
-120
-98
-90
-65
-54
-69
-90
-97
-111
-111
-128
-128
-109
-73
-70
-90
-83
-76
-77
-102
-116
-118
-128
-128
-128
-98
-58
-57
-68
-78
-81
-101
-118
-121
-128
-128
-119
-99
-93
-88
-81
-69
-79
-105
-119
-123
-128
-128
-128
-114
-92
-82
-88
-90
-90
-110
-120
-122
-128
-128
-128
-128
-128
-121
-104
-96
-99
-109
-119
-122
-128
-128
-128
-128
-128
-128
-128
-123
-109
-101
-111
-118
-128
-128
-128
-128
-128
-128
-128
-128
-128
-121
-109
-108
-125
-128
-128
-128
-126
-128
-128
-128
-128
-87
-89
-108
-128
-128
-128
-128
-124
-122
-108
-114
-128
-116
-80
-96
-128
-128
-128
-128
-128
-128
-128
-113
-110
-112
-106
-104
-128
-128
-128
-119
-124
-122
-126
-128
-128
-109
-106
-110
-128
-128
-128
-128
-128
-128
-114
-97
-102
-118
-118
-115
-128
-128
-128
-128
-128
-128
-128
-128
-108
-104
-115
-119
-128
-128
-128
-128
-128
-120
-113
-101
-108
-115
-113
-117
-123
-128
-128
-128
-128
-128
-128
-123
-99
-107
-118
-120
-122
-128
-128
-128
-121
-121
-128
-126
-124
-121
-118
-120
-121
-125
-128
-128
-128
-128
-128
-128
-128
-128
-128
-124
-121
-122
-123
-125
-123
-126
-128
-128
-128
-128
-128
-128
-122
-122
-122
-122
-121
-123
-128
-128
-128
-128
-128
-128
-128
-128
-128
-128
-128
-128
-128
-128
-128
-128
-128
-128
-128
-123
-128
-128
-128
-128
-128
-128
-128
-128
-128
-128
-128
-125
-128
-128
-128
-128
-128
-128
-128
-128
-128
-128
-119
-115
-128
-128
-128
-128
-128
-128
-128
-128
-128
-128
-126
-110
-128
-128
-128
-128
-128
-128
-128
-128
-128
-128
-128
-122
-128
-128
-128
-128
-128
-128
-128
-128
-128
-128
-128
-112
-121
-128
-128
-128
-128
-128
-128
-128
-128
-128
-128
-127
-119
-128
-128
-128
-128
-128
-128
-128
-128
-128
-128
-128
-115
-128
-128
-128
-128
-128
-128
-128
-128
-128
-128
-128
-128
-128
-128
-128
-128
-128
-128
-128
-128
-128
-128
-128
-128
-128
-128
-128
-128
-128
-128
-126
-116
-112
-128
-128
-128
-128
-128
-128
-128
-128
-128
-128
-128
-128
-128
-128
-128
-128
-128
-128
-128
-128
-128
-128
-128
-128
-128
-128
-128
-128
-128
-128
-128
-128
-128
-128
-128
-128
-128
-128
-128
-128
-128
-128
-128
-128
-128
-128
-128
-128
-128
-128
-128
-128
-128
-128
-128
-128
-128
-128
-128
-128
-128
-128
-128
-128
-128
-128
-128
-128
-128
-128
-128
-128
-128
-128
-128
-128
-128
-128
-128
-128
-128
-128
-128
-128
-128
-128
-128
-128
-128
-128
-128
-128
-128
-128
-128
-128
-128
-128
-128
-128
-128
-128
-128
-128
-128
-128
-128
-128
-128
-128
-128
-128
-128
-128
-128
-128
-128
-128
-128
-128
-128
-128
-128
-128
-128
-128
-128
-128
-128
-128
-128
-128
-128
-128
-128
-128
-128
-128
-128
-128
-128
-128
-128
-128
-128
-128
-128
-128
-128
-128
-128
-128
-128
-128
-128
-128
-128
-128
-128
-128
-128
-125
-117
-104
-110
-123
-128
-128
-128
-128
-122
-111
-105
-111
-123
-114
-108
-119
-124
-125
-128
-128
-128
-128
-116
-109
-101
-100
-112
-115
-124
-125
-128
-128
-119
-108
-116
-124
-116
-103
-111
-120
-128
-128
-128
-128
-128
-119
-105
-95
-103
-107
-105
-119
-128
-128
-128
-128
-119
-113
-122
-122
-113
-99
-105
-122
-128
-128
-128
-128
-128
-117
-103
-97
-110
-101
-107
-127
-128
-128
-128
-128
-128
-128
-128
-122
-110
-95
-112
-126
-128
-128
-128
-128
-128
-128
-128
-128
-128
-114
-111
-122
-128
-128
-128
-128
-128
-128
-128
-128
-128
-128
-128
-124
-116
-125
-128
-128
-128
-128
-128
-128
-128
-128
-128
-128
-128
-128
-128
-128
-128
-128
-128
-128
-128
-128
-128
-128
-128
-128
-122
-121
-115
-122
-125
-107
-94
-89
-100
-128
-113
-97
-124
-120
-106
-88
-100
-111
-118
-115
-105
-115
-119
-108
-124
-118
-119
-113
-94
-85
-85
-101
-119
-122
-122
-114
-122
-116
-109
-110
-106
-113
-114
-101
-102
-121
-128
-126
-121
-112
-112
-100
-78
-82
-104
-119
-123
-124
-123
-128
-122
-119
-116
-118
-111
-106
-94
-90
-111
-128
-124
-125
-120
-118
-115
-101
-86
-89
-115
-118
-118
-123
-125
-124
-123
-122
-113
-117
-121
-99
-86
-95
-122
-127
-124
-123
-123
-120
-116
-116
-120
-120
-123
-122
-117
-122
-127
-124
-123
-119
-113
-110
-114
-116
-119
-125
-128
-128
-117
-120
-123
-123
-122
-118
-112
-110
-115
-117
-128
-128
-128
-120
-123
-123
-123
-123
-123
-119
-113
-109
-111
-121
-122
-123
