-128
-128
-128
-126
-105
-104
-117
-126
-128
-113
-104
-115
-128
-128
-128
-128
-128
-128
-121
-104
-101
-101
-100
-126
-110
-99
-110
-128
-128
-128
-125
-105
-105
-123
-128
-116
-104
-104
-109
-118
-107
-107
-128
-128
-128
-113
-99
-94
-96
-100
-128
-122
-114
-116
-118
-102
-128
-128
-125
-120
-128
-128
-114
-102
-103
-110
-128
-123
-123
-118
-128
-128
-128
-104
-98
-96
-109
-128
-124
-115
-117
-126
-125
-127
-128
-128
-128
-128
-128
-112
-96
-94
-105
-128
-122
-122
-123
-126
-128
-128
-128
-120
-98
-103
-128
-128
-110
-111
-125
-124
-124
-126
-128
-128
-128
-128
-123
-100
-97
-100
-110
-123
-123
-124
-124
-124
-128
-128
-128
-128
-125
-128
-128
-121
-107
-114
-125
-124
-124
-124
-128
-128
-128
-128
-128
-123
-123
-125
-128
-126
-126
-125
-125
-125
-128
-128
-128
-128
-128
-128
-128
-125
-127
-128
-128
-127
-125
-125
-128
-128
-128
-128
-128
-128
-128
-128
-128
-127
-126
-128
-128
-125
-128
-128
-128
-128
-128
-128
-128
-128
-128
-128
-126
-125
-124
-128
-127
-128
-128
-127
-109
-107
-118
-126
-128
-115
-99
-115
-128
-128
-126
-127
-128
-128
-123
-109
-104
-104
-102
-127
-112
-100
-106
-128
-127
-127
-127
-106
-101
-117
-126
-118
-107
-102
-108
-116
-106
-106
-127
-128
-126
-118
-100
-89
-91
-93
-128
-122
-110
-114
-118
-98
-127
-127
-121
-114
-128
-126
-116
-96
-95
-105
-125
-119
-121
-116
-127
-128
-126
-102
-92
-91
-103
-128
-121
-109
-116
-122
-124
-125
-128
-128
-122
-121
-124
-114
-88
-87
-97
-125
-121
-120
-122
-125
-127
-128
-126
-117
-93
-96
-124
-123
-105
-107
-123
-123
-124
-125
-128
-128
-127
-128
-123
-93
-90
-92
-106
-122
-122
-123
-123
-123
-127
-128
-127
-122
-116
-122
-123
-119
-103
-113
-123
-123
-123
-123
-127
-127
-128
-128
-124
-115
-114
-115
-128
-125
-124
-124
-124
-124
-127
-128
-128
-128
-128
-128
-128
-118
-119
-128
-128
-126
-124
-124
-127
-128
-128
-128
-128
-128
-128
-128
-126
-120
-116
-128
-128
-125
-127
-128
-127
-128
-128
-128
-128
-128
-128
-128
-119
-115
-113
-119
-127
-128
-128
-124
-128
-128
-128
-128
-118
-106
-120
-128
-128
-128
-127
-128
-128
-98
-74
-82
-116
-128
-120
-93
-99
-118
-128
-128
-127
-127
-125
-121
-80
-71
-75
-75
-105
-109
-103
-111
-119
-128
-128
-125
-92
-77
-91
-108
-101
-85
-87
-100
-112
-119
-119
-121
-128
-126
-107
-77
-72
-72
-73
-100
-100
-98
-108
-115
-118
-115
-128
-128
-103
-91
-109
-92
-71
-72
-84
-107
-115
-118
-121
-115
-128
-128
-105
-74
-74
-75
-103
-99
-90
-102
-121
-123
-124
-120
-128
-128
-124
-111
-100
-73
-68
-79
-88
-111
-121
-124
-125
-123
-128
-128
-127
-96
-71
-81
-98
-90
-89
-114
-123
-123
-126
-124
-128
-128
-127
-109
-81
-72
-70
-71
-98
-112
-121
-122
-125
-124
-128
-128
-128
-128
-120
-102
-92
-73
-75
-92
-121
-123
-123
-125
-128
-128
-127
-128
-128
-128
-127
-110
-84
-73
-71
-97
-123
-125
-128
-128
-128
-128
-128
-128
-128
-128
-120
-97
-72
-72
-70
-73
-128
-128
-128
-128
-128
-128
-128
-128
-128
-128
-112
-96
-84
-71
-124
-123
-123
-114
-119
-126
-123
-123
-119
-97
-128
-121
-121
-121
-124
-123
-123
-104
-96
-119
-128
-128
-124
-98
-112
-128
-123
-121
-124
-123
-115
-122
-105
-106
-111
-112
-128
-120
-112
-126
-128
-123
-124
-123
-100
-100
-123
-128
-119
-110
-119
-120
-127
-127
-125
-128
-123
-123
-113
-107
-107
-110
-112
-128
-128
-120
-124
-124
-123
-121
-123
-123
-106
-100
-128
-118
-106
-114
-117
-128
-126
-121
-126
-122
-123
-123
-111
-102
-106
-112
-128
-128
-117
-120
-128
-126
-127
-125
-123
-123
-123
-109
-118
-106
-110
-114
-120
-128
-128
-128
-128
-126
-123
-123
-123
-99
-96
-120
-125
-121
-117
-128
-128
-128
-128
-126
-123
-123
-123
-119
-106
-107
-106
-112
-123
-128
-127
-128
-128
-128
-124
-123
-123
-123
-123
-118
-111
-108
-104
-111
-128
-128
-128
-128
-123
-123
-123
-122
-123
-122
-122
-121
-106
-99
-104
-119
-128
-128
-123
-123
-123
-122
-123
-122
-122
-122
-122
-110
-102
-104
-105
-113
-123
-123
-123
-123
-122
-122
-122
-122
-121
-121
-120
-112
-107
-107
-128
-128
-128
-128
-128
-128
-128
-128
-128
-128
-121
-128
-128
-128
-128
-128
-128
-128
-125
-123
-126
-128
-128
-128
-128
-123
-128
-128
-128
-128
-128
-128
-128
-123
-128
-126
-122
-128
-128
-128
-128
-128
-128
-128
-128
-125
-125
-122
-128
-126
-120
-128
-128
-127
-128
-124
-128
-128
-128
-128
-126
-127
-124
-124
-127
-128
-128
-128
-128
-128
-128
-128
-128
-126
-123
-128
-123
-123
-126
-127
-128
-128
-128
-128
-128
-128
-128
-128
-128
-126
-125
-124
-128
-126
-128
-128
-128
-128
-128
-128
-128
-128
-128
-128
-123
-120
-126
-127
-128
-128
-128
-128
-128
-128
-128
-128
-123
-126
-128
-128
-124
-128
-128
-128
-128
-128
-128
-128
-128
-128
-128
-128
-128
-128
-128
-128
-128
-128
-128
-128
-128
-128
-128
-128
-128
-128
-128
-128
-128
-128
-128
-128
-128
-128
-128
-128
-128
-128
-128
-128
-128
-128
-128
-128
-128
-128
-128
-128
-128
-128
-128
-128
-128
-128
-128
-128
-128
-128
-128
-128
-128
-128
-128
-128
-128
-128
-128
-128
-128
-128
-128
-128
-128
-128
-128
-128
-128
-128
-128
-125
-114
-128
-128
-128
-128
-102
-118
-128
-128
-128
-128
-128
-128
-128
-108
-115
-122
-122
-127
-97
-106
-126
-128
-128
-128
-128
-124
-115
-114
-111
-118
-111
-117
-117
-108
-119
-128
-128
-128
-128
-124
-106
-115
-112
-109
-108
-114
-114
-112
-118
-122
-125
-128
-128
-122
-109
-118
-117
-112
-108
-110
-108
-115
-114
-120
-117
-128
-128
-128
-107
-115
-112
-103
-113
-114
-112
-121
-114
-122
-117
-128
-128
-128
-118
-117
-117
-104
-107
-109
-108
-122
-118
-123
-121
-128
-128
-128
-116
-101
-109
-113
-112
-112
-109
-120
-121
-124
-123
-128
-128
-128
-128
-110
-109
-109
-101
-104
-115
-119
-122
-124
-124
-128
-128
-128
-128
-117
-118
-115
-116
-104
-115
-119
-122
-123
-123
-128
-128
-128
-128
-128
-123
-116
-122
-112
-112
-120
-122
-122
-123
-128
-128
-128
-128
-128
-128
-128
-128
-125
-115
-114
-116
-122
-124
-128
-128
-128
-128
-128
-128
-128
-128
-128
-122
-121
-122
-118
-120
-128
-128
-128
-128
-128
-128
-128
-128
-128
-128
-128
-123
-120
-123
-102
-102
-102
-102
-108
-102
-100
-99
-96
-106
-92
-96
-95
-95
-102
-102
-102
-91
-92
-107
-110
-107
-96
-93
-107
-99
-92
-94
-102
-102
-103
-96
-79
-74
-82
-101
-108
-95
-105
-105
-93
-93
-103
-101
-95
-97
-110
-93
-82
-84
-87
-108
-111
-110
-107
-102
-103
-102
-88
-81
-77
-86
-101
-109
-91
-101
-109
-112
-111
-111
-102
-102
-96
-105
-90
-77
-81
-81
-101
-107
-110
-110
-112
-115
-102
-101
-91
-77
-79
-93
-110
-91
-86
-103
-114
-112
-113
-115
-102
-102
-101
-95
-81
-78
-79
-94
-104
-108
-115
-115
-113
-114
-102
-102
-100
-86
-85
-100
-89
-84
-91
-114
-117
-115
-115
-114
-102
-102
-100
-92
-76
-74
-79
-90
-107
-113
-115
-115
-116
-115
-102
-101
-100
-100
-100
-86
-72
-71
-71
-104
-115
-115
-115
-113
-102
-101
-100
-100
-99
-99
-97
-89
-72
-72
-86
-107
-115
-114
-102
-100
-100
-100
-99
-98
-97
-96
-95
-72
-67
-65
-79
-94
-102
-101
-100
-100
-99
-98
-96
-96
-95
-93
-90
-68
-63
-62
-128
-128
-128
-128
-128
-128
-128
-128
-128
-128
-127
-128
-128
-128
-128
-128
-128
-112
-101
-99
-115
-128
-128
-128
-125
-124
-128
-128
-128
-128
-128
-128
-120
-94
-96
-97
-115
-128
-125
-123
-128
-128
-128
-128
-111
-99
-103
-117
-128
-108
-107
-118
-119
-121
-128
-128
-128
-128
-128
-107
-94
-98
-94
-111
-125
-121
-121
-122
-123
-126
-128
-128
-117
-107
-118
-126
-96
-97
-107
-120
-127
-126
-124
-127
-128
-128
-123
-106
-102
-101
-115
-121
-112
-124
-127
-128
-128
-128
-128
-128
-128
-128
-128
-103
-94
-97
-105
-123
-128
-127
-128
-128
-128
-128
-128
-114
-106
-100
-119
-113
-105
-125
-125
-127
-128
-128
-128
-128
-128
-128
-124
-99
-97
-95
-112
-122
-125
-126
-128
-127
-128
-128
-128
-128
-128
-128
-128
-103
-102
-116
-126
-127
-128
-127
-128
-128
-128
-128
-128
-128
-128
-128
-128
-113
-102
-113
-128
-128
-128
-128
-128
-128
-128
-128
-128
-128
-128
-128
-110
-99
-93
-92
-128
-128
-128
-128
-128
-128
-128
-128
-128
-128
-128
-128
-125
-92
