-11898
-11950
-11986
-11778
-11887
-11827
-11715
-11243
-10508
-9206
-9410
-10314
-11567
-12005
-11868
-12047
-12130
-12302
-11378
-4499
-595
-4874
-11092
-12333
-12527
-12544
-12567
-12574
-12697
-11963
-11718
-12005
-11918
-12104
-12039
-11980
-10478
-7293
-1312
-622
-3085
-6603
-9263
-10592
-11856
-11975
-12691
-14936
-11400
-5793
-3028
-5559
-10148
-11985
-12551
-12530
-12552
-12642
-11704
-11501
-11861
-11770
-11929
-12069
-12610
-13511
-11207
-8096
-4476
-804
735
-240
-3735
-6863
-8959
-10762
-15236
-16765
-12815
-3444
1484
-2262
-8375
-11793
-12637
-12713
-12714
-11304
-11673
-11849
-11732
-11840
-11943
-11828
-15324
-20678
-21983
-15401
-10766
-7461
-3505
-919
789
1228
-2461
-10498
-15826
-15590
-11161
-4366
-239
-3157
-7508
-12135
-12580
-12709
-11479
-11797
-11508
-11682
-11617
-11190
-10838
-10688
-12779
-19338
-23078
-23459
-18519
-13527
-10075
-6124
-2251
-505
-578
-7118
-13952
-15376
-12662
-7109
-2138
-3092
-8099
-11974
-12581
-11805
-11578
-11552
-11614
-11492
-10262
-6797
-1236
-1215
-4259
-8967
-16837
-21603
-23658
-18554
-14931
-13361
-8859
-4566
-1429
-2884
-10040
-12953
-11419
-6640
-2073
-2140
-7879
-11030
-11544
-11614
-11744
-11914
-12467
-11441
-8435
-4765
-2031
1336
3820
1063
-3635
-11729
-18740
-22635
-18652
-14821
-12397
-8663
-5552
-4953
-5882
-10004
-10541
-7007
-1590
352
-5410
-11440
-11789
-11744
-11702
-12951
-16223
-19825
-17117
-12778
-9841
-5595
-3003
559
2835
1254
-4329
-13266
-17425
-14809
-13635
-10555
-8541
-8278
-8835
-11170
-10971
-7178
-438
-35
-11764
-11819
-11792
-11844
-11506
-13703
-18489
-21981
-24918
-21529
-16552
-12794
-9328
-5128
-2250
347
-211
-6056
-13047
-14505
-13469
-12483
-10554
-9383
-9766
-11691
-12125
-7125
-1005
-11731
-11833
-11822
-11892
-11716
-9935
-7998
-7951
-13224
-19397
-23651
-22812
-17566
-14403
-13289
-10010
-6532
-2436
-3425
-9861
-12506
-11644
-9524
-9367
-9151
-10366
-11135
-12141
-7953
-11750
-11840
-11925
-11913
-12002
-11294
-7508
-555
2053
-1282
-7359
-15941
-21180
-25416
-21035
-16477
-13860
-9668
-5495
-5503
-6647
-10562
-11267
-11239
-10006
-10192
-10743
-11735
-12363
-11575
-11929
-12053
-11999
-12375
-13840
-15320
-11514
-6668
-1578
2807
1911
-2782
-9503
-16752
-19627
-17527
-13921
-13361
-10465
-8687
-10316
-10504
-11460
-9851
-10503
-10777
-11218
-11748
-11827
-11882
-11834
-12081
-11685
-13882
-19231
-22854
-20455
-13685
-9542
-4457
201
2800
3882
726
-11997
-18401
-16450
-11719
-8890
-9002
-9349
-10733
-9241
-10262
-10572
-10830
-11273
-11874
-11775
-11983
-11970
-11941
-11441
-11319
-14409
-20506
-24035
-21886
-14357
-11252
-8179
-5140
-3519
-985
-2851
-11282
-11938
-10216
-9912
-8812
-9584
-9370
-10517
-10483
-10673
-11321
-11743
-11696
-11940
-11946
-11888
-11874
-10147
-7748
-8355
-10475
-17510
-22468
-22533
-15862
-14176
-11314
-7442
-3472
-3806
-5426
-9862
-10033
-9607
-10109
-9882
-10299
-10649
-10813
-11033
-11730
-11754
-11720
-11883
-11889
-11977
-12294
-10206
-4300
2196
-85
-6822
-16682
-21016
-22966
-17019
-13659
-12513
-10248
-9135
-10134
-10009
-9823
-9608
-9705
-9997
-10536
-10656
-10699
-11745
-11863
-11864
-11929
-11942
-11949
-12834
-15948
-13700
-9275
-3552
1220
2427
-618
-8393
-14907
-20123
-18391
-12709
-9132
-9348
-9086
-9676
-9655
-9760
-9819
-10188
-10773
-10676
-11793
-11780
-11866
-11876
-11932
-11913
-11876
-15640
-21608
-23223
-16144
-11294
-7766
-2606
269
994
-3236
-11635
-11397
-10117
-9578
-9421
-10311
-9895
-9643
-9459
-9580
-10073
-10600
-11739
-11732
-11866
-11876
-11890
-11789
-11929
-11290
-13189
-18336
-22826
-25668
-19131
-13545
-11046
-8063
-3212
-1898
-5264
-10700
-10518
-10097
-10274
-9639
-10141
-9778
-9641
-9697
-10326
-11602
-11766
-11815
-11876
-11918
-11993
-12142
-11808
-10465
-9995
-12518
-18056
-21814
-25403
-23146
-17264
-13484
-11396
-9986
-10083
-10546
-10765
-10651
-9866
-10201
-9641
-9848
-9933
-10263
-11881
-11658
-11797
-11882
-12025
-12018
-11951
-11957
-12179
-11653
-9900
-9236
-11725
-16649
-21181
-24387
-24536
-17756
-13637
-10711
-10544
-10637
-10282
-9989
-10321
-10080
-10258
-10654
-10799
-11766
-11802
-11990
-12049
-11952
-12001
-12035
-12095
-12103
-12085
-12231
-12188
-10705
-9234
-10102
-12984
-19595
-23461
-20177
-15054
-11450
-10509
-10365
-10410
-10526
-10281
-10357
-10473
-10325
-11784
-11885
-12071
-11954
-12052
-12323
-12290
-12106
-12093
-12202
-12265
-12272
-12264
-12448
-12233
-10286
-11097
-15120
-20948
-20830
-15716
-13032
-10941
-10786
-10782
-10555
-10250
-9978
-10054
-11768
-11770
-11988
-12111
-12154
-11913
-12054
-12089
-12177
-12019
-12175
-12311
-12274
-12440
-12528
-12520
-11643
-10949
-14484
-21023
-24408
-19224
-15054
-12990
-10668
-10108
-10546
-10180
-9996
-11647
-11858
-11898
-12006
-12053
-12085
-12178
-12109
-12044
-12114
-12243
-12130
-12162
-12260
-12409
-12546
-12793
-12190
-11451
-13428
-18702
-24175
-26551
-19983
-15422
-13798
-11879
-10271
-10163
-11620
-11844
-11814
-11820
-11818
-11926
-11985
-12123
-12118
-12083
-12103
-12250
-12187
-12406
-12431
-12553
-12547
-12629
-12577
-11053
-10381
-12783
-18768
-23892
-27289
-23829
-18989
-16273
-14414
-11788
-11882
-11785
-11878
-11785
-11738
-11864
-12120
-12081
-12227
-12369
-12288
-12348
-12445
-12442
-12623
-12532
-12462
-12486
-12615
-12362
-10676
-9922
-12303
-17433
-22583
-26180
-28336
-27012
-11754
-11674
-11814
-11884
-11967
-12088
-12141
-12136
-12100
-12235
-12254
-12273
-12335
-12426
-12429
-12514
-12536
-12583
-12611
-12685
-12794
-12902
-12739
-10872
-9682
-10450
-12182
-16509
-20611
-11781
-11818
-11879
-11849
-11935
-11980
-12155
-12015
-12104
-12185
-12255
-12211
-12340
-12409
-12467
-12491
-12495
-12578
-12695
-12694
-12666
-12792
-12782
-12813
-12934
-12590
-10718
-9139
-9292
-59195
-59185
-59296
-59134
-59204
-59218
-59049
-59864
-60170
-57608
-57843
-58240
-58884
-59325
-59183
-59457
-59414
-59776
-59518
-53270
-46048
-52416
-59148
-59565
-59752
-59704
-59840
-59816
-59858
-59283
-59033
-59458
-59313
-59490
-59410
-59597
-59025
-55953
-50641
-49817
-51426
-54863
-57429
-58592
-59345
-59354
-60192
-62614
-58667
-55045
-49862
-53257
-58513
-59263
-59813
-59800
-59707
-59863
-58981
-58864
-59297
-59137
-59227
-59390
-60023
-59418
-58246
-57013
-54356
-50464
-48316
-48896
-52679
-55817
-57125
-59022
-60620
-61907
-57626
-52097
-46607
-48480
-56523
-59532
-59855
-59862
-59867
-58625
-59099
-59318
-59116
-59235
-59345
-59727
-62666
-63209
-64014
-58247
-56122
-55221
-53298
-50735
-48544
-47281
-50001
-58683
-60540
-60784
-56751
-53304
-48805
-49140
-55792
-59644
-59721
-59894
-58800
-59174
-59026
-59106
-58939
-59668
-59602
-56930
-58960
-65103
-64435
-64481
-60220
-58329
-57598
-54749
-51933
-49692
-47341
-55448
-59720
-60825
-57843
-53972
-50161
-49104
-56212
-59500
-59815
-59062
-58992
-59023
-58934
-59513
-59149
-55197
-49258
-46970
-49886
-54528
-63511
-65413
-64956
-60726
-58255
-57839
-55374
-52229
-47793
-50049
-57490
-59525
-56753
-53689
-50271
-49108
-55355
-58906
-58926
-59019
-59206
-59141
-59660
-58220
-57607
-54705
-51646
-46446
-41553
-42827
-49744
-60273
-65869
-64860
-61226
-59887
-58177
-56487
-52395
-50939
-52993
-56788
-56407
-54736
-50734
-45740
-52987
-58917
-59182
-59206
-59196
-60714
-60845
-62802
-59646
-57286
-56628
-54080
-51691
-46259
-42259
-43371
-50547
-59807
-61536
-60035
-58932
-57054
-56101
-54572
-55951
-57445
-57052
-54880
-50007
-45942
-59113
-59273
-59242
-58994
-58700
-59986
-64917
-65872
-65718
-62876
-58379
-58357
-57317
-54058
-49691
-44656
-44133
-54084
-57885
-60152
-59632
-58845
-57598
-56148
-57599
-58996
-58434
-53654
-50682
-59124
-59194
-59333
-59197
-58222
-56254
-54357
-53005
-59586
-65471
-65304
-64249
-59258
-57458
-58204
-56207
-53489
-48566
-48830
-57021
-59456
-58047
-55401
-56271
-56283
-57665
-58597
-58272
-54447
-59085
-59266
-59272
-59190
-59340
-58492
-54802
-47383
-42646
-45798
-53345
-63584
-66238
-65597
-62485
-59442
-59132
-56008
-51120
-50826
-53805
-58018
-56805
-57787
-57377
-57762
-58081
-58676
-58227
-59062
-59344
-59459
-59329
-59668
-59726
-60939
-58021
-55150
-49239
-43017
-42563
-47862
-57333
-64882
-62679
-60054
-58274
-58832
-57752
-56113
-58128
-56465
-58229
-57416
-57921
-58177
-58489
-58743
-59143
-59259
-59144
-59335
-59339
-61308
-64039
-64309
-62461
-57634
-56895
-53089
-47124
-41066
-40502
-45588
-60679
-61376
-61394
-58184
-56018
-56759
-56255
-57932
-56609
-57741
-58123
-58333
-58553
-59295
-59180
-59357
-59348
-58633
-56556
-56260
-59947
-65481
-64892
-63663
-57509
-57733
-56247
-53178
-48223
-45116
-48785
-58627
-59767
-57890
-57305
-55725
-56657
-57018
-57942
-58027
-58162
-58514
-59146
-59112
-59258
-59353
-59221
-58556
-56069
-54242
-53286
-56858
-64100
-64046
-64063
-57651
-57515
-57197
-54688
-48901
-49866
-52446
-57235
-57539
-56899
-57417
-57453
-57858
-58139
-58377
-58569
-59182
-59107
-59135
-59225
-59301
-59333
-59548
-57212
-51641
-43285
-44714
-53528
-65229
-64944
-64799
-58638
-56633
-58172
-57285
-56729
-57678
-57516
-56965
-56914
-57291
-57543
-57948
-58100
-58236
-59242
-59334
-59215
-59282
-59309
-59339
-60505
-60987
-59004
-56837
-50724
-43480
-41967
-45908
-55528
-63244
-63226
-63033
-59348
-56506
-56968
-56435
-56987
-56917
-57336
-57474
-57815
-58303
-58417
-59293
-59152
-59204
-59230
-59338
-59074
-59406
-62342
-63953
-64679
-58530
-56951
-55622
-48805
-43651
-42678
-49430
-59227
-59172
-57709
-57256
-56582
-57669
-57241
-57318
-57145
-57150
-57888
-58158
-59207
-59116
-59204
-59230
-59187
-59082
-58554
-56530
-58028
-63451
-65112
-66891
-61214
-57009
-56654
-55034
-48490
-47719
-52294
-58024
-57632
-56954
-57573
-56992
-57733
-57598
-57313
-57499
-57741
-59091
-59189
-59173
-59230
-59226
-59286
-59236
-58019
-55204
-53992
-56635
-63507
-65669
-66377
-64249
-58841
-58715
-57926
-57290
-57499
-57580
-57782
-58009
-57293
-57738
-57227
-57247
-57396
-57707
-59261
-59019
-59090
-59280
-59258
-59299
-59259
-59236
-59190
-57679
-54572
-53240
-55761
-61359
-66396
-66371
-66338
-61566
-59643
-57899
-57711
-57732
-57717
-57417
-57769
-57532
-57572
-58095
-58101
-59217
-59221
-59327
-59334
-59229
-59257
-59379
-59345
-59426
-59433
-59374
-58582
-55643
-52752
-53582
-57265
-63835
-65983
-64557
-61134
-58429
-57822
-57658
-57536
-57927
-57619
-57640
-57818
-57771
-59123
-59188
-59353
-59273
-59408
-59714
-59567
-59437
-59453
-59493
-59535
-59474
-59585
-59402
-58029
-54748
-55051
-59884
-63400
-64048
-61264
-59769
-58414
-58311
-58365
-57823
-57648
-57436
-57611
-59205
-59094
-59327
-59385
-59374
-59187
-59376
-59373
-59428
-59326
-59405
-59525
-59509
-59596
-59695
-59196
-57474
-56190
-59409
-63826
-66285
-61582
-60059
-59588
-57998
-57509
-57942
-57740
-57619
-59070
-59239
-59196
-59273
-59387
-59359
-59444
-59493
-59421
-59473
-59542
-59394
-59428
-59481
-59651
-59725
-59683
-58267
-56087
-58033
-64194
-66922
-68165
-61938
-59165
-59527
-58789
-57906
-57986
-59061
-59214
-59205
-59261
-59220
-59272
-59351
-59414
-59448
-59316
-59386
-59490
-59466
-59515
-59618
-59716
-59757
-59727
-58642
-55598
-53913
-56771
-64204
-67559
-68488
-65269
-60629
-58630
-58221
-59313
-59216
-59168
-59270
-59094
-59077
-59206
-59413
-59472
-59586
-59550
-59582
-59563
-59726
-59629
-59738
-59685
-59694
-59594
-59655
-58375
-55134
-53243
-55700
-61969
-67905
-70133
-70378
-68124
-59136
-59053
-59179
-59346
-59337
-59415
-59498
-59439
-59431
-59430
-59552
-59487
-59508
-59625
-59636
-59681
-59709
-59760
-59784
-59853
-59927
-59919
-58882
-55639
-52672
-53247
-55266
-60185
-65218
-59255
-59133
-59235
-59275
-59260
-59229
-59480
-59410
-59502
-59456
-59462
-59507
-59505
-59648
-59598
-59720
-59714
-59798
-59853
-59907
-59848
-59911
-60022
-59857
-59831
-58798
-55794
-52883
-52010
-140016
-140086
-140209
-140153
-140205
-140181
-140190
-141662
-143264
-144299
-143318
-141956
-140846
-140493
-140455
-140497
-140467
-138873
-138369
-137501
-139701
-140417
-140381
-140595
-140572
-140684
-140707
-140768
-140587
-140057
-140211
-140321
-140176
-140179
-140181
-139064
-140222
-141249
-142769
-143407
-143845
-143546
-142362
-141415
-140831
-140506
-137272
-135351
-133654
-137823
-141811
-142917
-142173
-141179
-140648
-140701
-140694
-140545
-140125
-140153
-140194
-140236
-140197
-140211
-136982
-133007
-131429
-134589
-139004
-141517
-141872
-142662
-143809
-144291
-143487
-137731
-132397
-130886
-134999
-138438
-141651
-142174
-141413
-140692
-140683
-140662
-140625
-140070
-140108
-140230
-140276
-140232
-140295
-137220
-131151
-124730
-123744
-126359
-131464
-136570
-140022
-141817
-142363
-143052
-140078
-134418
-129639
-131493
-135006
-137229
-140262
-141934
-141303
-140770
-140730
-140722
-140113
-140281
-140262
-140275
-140215
-141601
-141015
-138052
-132114
-125764
-122962
-122850
-125439
-130533
-135892
-139184
-139803
-138965
-137779
-134419
-132765
-134110
-134955
-136578
-140193
-142082
-141422
-140778
-140750
-140219
-140330
-140232
-140001
-139408
-141017
-141874
-140703
-138340
-134919
-132563
-128812
-125685
-124166
-124247
-127984
-133267
-137384
-137565
-136295
-135467
-135943
-136910
-137063
-137551
-140671
-142583
-141862
-141061
-140288
-140258
-140258
-139406
-136653
-134487
-134443
-137786
-140063
-137840
-135562
-134179
-133509
-131890
-128682
-127285
-127840
-131758
-135679
-136566
-136805
-137463
-137383
-137421
-137680
-138680
-141031
-142583
-141729
-140171
-140276
-140258
-139711
-134987
-129245
-124755
-125215
-129028
-133839
-137656
-138279
-137114
-134902
-133317
-131568
-128891
-129750
-131879
-133947
-135358
-135701
-137654
-137673
-137516
-137727
-138038
-140063
-142560
-140232
-140270
-140247
-139786
-136813
-133908
-128785
-124759
-123211
-123217
-126347
-131873
-136767
-138339
-135808
-133794
-132524
-131655
-131042
-132602
-134262
-136038
-137596
-138715
-137996
-137283
-136888
-137127
-139422
-140219
-140296
-140241
-140140
-138414
-137794
-135841
-134687
-131094
-126937
-124538
-123277
-123495
-126849
-131704
-135940
-136716
-135687
-134510
-134780
-136105
-136288
-136448
-137135
-138326
-137582
-136620
-136375
-136877
-140213
-140254
-140194
-140134
-138316
-137845
-136809
-136089
-135647
-134481
-133092
-129226
-124903
-122898
-123094
-127949
-133161
-135492
-136017
-136046
-136334
-136570
-137359
-137851
-138346
-138105
-137247
-136206
-135897
-140238
-140249
-140217
-140153
-136928
-132530
-128900
-130674
-134384
-136363
-135712
-133705
-132676
-132285
-129713
-128522
-126793
-129320
-133771
-138115
-139428
-137705
-137821
-138059
-138671
-138585
-138151
-137087
-136164
-140156
-140199
-140231
-140310
-137962
-133307
-126914
-123928
-124030
-128365
-134218
-137138
-136113
-133988
-132094
-131549
-128678
-129561
-132258
-135620
-138568
-138248
-138716
-139048
-139216
-139004
-138685
-137784
-136801
-140230
-140243
-140224
-140256
-138965
-136441
-132771
-128801
-124991
-123695
-124173
-127424
-132758
-137438
-136888
-135738
-132911
-132929
-134164
-137145
-138795
-138600
-138867
-138859
-139284
-139217
-138777
-138139
-137535
-140384
-140301
-140293
-140278
-140272
-139064
-136514
-135161
-134393
-131878
-126744
-123625
-121987
-124043
-129277
-135003
-135473
-135329
-135002
-135904
-138266
-138527
-139110
-139476
-139625
-139385
-139076
-138615
-138085
-140289
-140328
-140296
-140260
-140270
-139721
-137953
-136503
-134974
-134934
-133551
-132374
-128334
-126210
-125477
-125511
-128224
-132719
-137434
-139205
-138908
-138963
-139241
-139258
-139431
-139475
-139121
-138659
-138295
-140288
-140303
-140255
-140285
-140303
-139882
-135613
-131059
-128638
-131897
-134512
-135120
-132056
-131175
-131201
-128828
-128330
-131541
-136087
-138761
-139133
-138600
-138733
-139404
-139949
-140001
-139518
-139090
-138785
-140300
-140265
-140222
-140284
-140329
-139840
-136658
-130631
-124537
-122933
-125902
-131278
-134357
-134935
-133599
-131765
-132826
-134057
-136772
-138277
-138627
-138756
-139097
-139318
-139662
-139952
-139752
-139212
-138709
-140328
-140276
-140222
-140284
-140255
-139972
-137887
-134527
-130526
-125837
-123268
-123779
-124596
-127582
-132800
-134614
-134785
-134076
-135366
-137897
-138097
-138326
-138583
-139019
-139637
-139972
-140024
-139361
-138465
-140256
-140209
-140260
-140284
-140291
-140288
-140131
-138137
-135600
-131966
-130254
-127057
-123840
-122681
-123001
-125719
-131057
-136044
-138663
-138136
-138107
-138478
-138987
-139060
-139304
-139364
-139433
-138940
-138394
-140166
-140274
-140246
-140267
-140425
-140475
-140405
-140289
-139882
-137818
-135282
-132245
-130782
-129213
-125823
-123592
-124228
-129077
-134566
-137899
-138477
-138599
-138880
-139166
-139283
-139301
-139349
-139217
-138743
-140126
-140130
-140242
-140224
-140140
-140149
-140267
-140322
-140323
-140342
-140182
-138605
-135942
-133652
-131587
-128741
-125231
-124629
-129423
-134378
-137995
-138845
-138646
-138670
-138871
-139109
-139421
-139426
-139178
-140122
-140262
-140162
-140197
-140093
-140215
-140309
-140344
-140407
-140380
-140378
-140354
-140369
-139930
-137779
-134810
-131120
-126710
-123977
-126247
-131517
-136255
-138654
-139014
-139090
-139162
-139384
-139599
-139694
-140241
-140318
-140287
-140218
-140125
-140159
-140209
-140368
-140384
-140400
-140397
-140454
-140457
-140519
-140431
-139578
-136917
-132776
-127642
-123417
-122894
-125534
-130666
-135908
-138669
-139164
-139506
-139814
-140031
-140314
-140383
-140349
-140423
-140393
-140316
-140349
-140388
-140453
-140452
-140467
-140481
-140501
-140551
-140460
-140523
-140110
-137763
-134360
-130879
-126107
-123220
-123110
-124505
-128274
-133267
-137278
-139285
-140132
-140326
-140348
-140373
-140458
-140500
-140433
-140455
-140414
-140397
-140437
-140409
-140388
-140477
-140497
-140491
-140542
-140598
-140446
-138698
-136058
-132260
-130101
-126150
-123418
-122682
-122482
-123446
-125823
-129307
-140370
-140369
-140356
-140363
-140389
-140380
-140439
-140458
-140400
-140444
-140445
-140412
-140463
-140478
-140550
-140570
-140616
-140648
-140706
-140364
-138239
-135470
-131954
-130415
-128927
-126712
-124652
-122989
-122327
-140259
-140313
-140346
-140332
-140341
-140316
-140404
-140419
-140448
-140427
-140462
-140465
-140522
-140441
-140543
-140586
-140640
-140673
-140720
-140711
-140771
-140536
-138727
-135973
-133612
-132000
-130416
-129550
-129536
-140216
-140272
-140343
-140372
-140363
-140370
-140418
-140463
-140478
-140488
-140432
-140488
-140562
-140542
-140580
-140579
-140623
-140684
-140693
-140736
-140799
-140752
-140734
-140776
-140451
-138886
-135867
-133364
-132884
-9292
-9386
-9009
-9022
-8712
-8662
-8492
-7998
-8897
-11464
-13080
-10515
-8990
-8717
-8760
-8496
-8359
-6557
1575
-4350
-18287
-19871
-10499
-7725
-7592
-7683
-7601
-7371
-7197
-9370
-9607
-9034
-8875
-8798
-8629
-7878
-2720
-5939
-12962
-16537
-15160
-14535
-13928
-10403
-8659
-8507
-6332
7710
2181
-17888
-24941
-19698
-11728
-7824
-7696
-7377
-7382
-7381
-9435
-9562
-8984
-8713
-8843
-8569
-7559
3568
3941
-8621
-17422
-17894
-17272
-18229
-15330
-13377
-14498
-9246
7420
7443
-11089
-22178
-22381
-19817
-14388
-8935
-7421
-7392
-7439
-9539
-9442
-9101
-8859
-8862
-8526
-7656
2403
8484
1318
-6261
-12691
-17873
-20442
-17459
-15199
-18009
-16557
-4928
5598
-1505
-11980
-19174
-21560
-22842
-15490
-8353
-7508
-7477
-9657
-9424
-9202
-8843
-8597
-8186
-9807
-8149
-1593
2643
1877
-1314
-5987
-10714
-13909
-15490
-19830
-19713
-15577
-6985
-1763
-6029
-11107
-17697
-25027
-23789
-14677
-8582
-7486
-9752
-9388
-9136
-8663
-7463
-3785
-7923
-14530
-13707
-8821
-7921
-5261
-1288
-782
-1518
-5442
-14395
-18072
-18378
-14843
-9573
-10633
-10685
-10751
-18600
-24563
-21506
-16212
-9527
-9606
-9222
-9076
-8499
-5804
2919
-1601
-13166
-16717
-15561
-16903
-15563
-10438
-6156
-3050
-522
-6435
-9924
-12874
-13819
-13330
-13993
-15324
-11358
-11094
-18688
-21063
-22057
-19068
-9401
-9042
-9076
-8677
-5736
5900
6051
-2722
-8452
-13441
-18388
-19780
-15971
-14005
-12814
-8818
-9141
-6238
-6718
-9199
-11369
-12604
-16426
-15834
-10070
-11017
-14648
-21423
-25805
-9407
-8964
-9022
-8830
-7568
-2028
1444
1231
1313
-2105
-6990
-12555
-14573
-15514
-16669
-14624
-16138
-13185
-7060
-7273
-9368
-9766
-13709
-18324
-13247
-8935
-7995
-14065
-24702
-9467
-8895
-8944
-8779
-8973
-7729
-5656
-6994
-6413
-2181
-746
-1154
-1990
-5107
-13008
-16105
-18124
-15630
-13009
-12518
-11729
-9691
-9371
-17429
-15353
-9963
-8311
-7616
-15037
-9483
-8831
-8725
-8674
-8109
-2703
-3466
-11934
-15841
-11923
-9455
-5570
132
1802
-3245
-6250
-13015
-14322
-15029
-15817
-13795
-10300
-7502
-14898
-15716
-10875
-9583
-7818
-7181
-9327
-9006
-8811
-8654
-7941
2170
5601
-3965
-15638
-17015
-16263
-15228
-10062
-5886
-7421
-4475
-4954
-5662
-12098
-16812
-15374
-11280
-8676
-13832
-14280
-11541
-10815
-9156
-6925
-9212
-8979
-8817
-8683
-8444
-1251
4696
3457
-2643
-7826
-14658
-19078
-16043
-12650
-13822
-11862
-11179
-4897
-6757
-13514
-14974
-12714
-10757
-13849
-13666
-11491
-11247
-9972
-7903
-9248
-9102
-8822
-8586
-9003
-7570
-4385
-928
2065
1534
-2022
-6632
-11718
-13868
-16092
-16048
-15918
-12214
-9436
-12072
-13063
-13280
-11997
-14240
-13735
-11522
-11363
-10408
-8605
-9238
-9139
-8778
-8600
-8697
-8816
-8358
-4746
-5217
-6883
-2192
2254
-403
-3420
-10291
-15789
-16240
-15631
-13139
-12552
-11980
-12742
-12586
-14000
-13934
-11829
-11429
-10787
-9521
-9171
-8899
-8765
-8630
-8656
-8409
-6390
369
-6394
-14952
-12890
-7229
-5117
-1433
-3203
-7012
-6853
-12366
-15977
-14602
-11936
-12171
-13105
-14298
-14189
-12348
-11590
-10912
-9932
-9072
-8842
-8848
-8758
-8597
-8565
-6636
6756
4454
-11266
-18001
-15094
-13926
-9839
-7511
-11947
-4627
-5420
-13442
-14168
-12607
-12353
-13388
-14122
-13990
-13160
-12010
-10891
-9783
-8958
-8805
-8918
-8854
-8576
-8575
-7276
1930
8346
947
-7017
-11252
-15408
-14488
-12695
-16407
-12318
-8173
-11774
-12495
-12581
-13028
-13529
-14075
-13672
-13348
-12737
-11580
-9794
-9050
-8859
-8918
-8854
-8526
-8671
-9198
-6371
-548
2179
1559
-238
-2982
-6808
-12349
-16854
-15302
-12124
-12115
-11628
-11620
-13805
-13831
-13236
-13158
-13234
-13076
-12309
-10408
-9167
-9054
-8931
-8854
-8657
-8787
-8928
-9243
-8072
-5031
-2738
-415
2113
2308
-1753
-5513
-8573
-14374
-14946
-12171
-11186
-12980
-13448
-12892
-12913
-12826
-13025
-12787
-11388
-9336
-9064
-8948
-8816
-8810
-8903
-8751
-8599
-8620
-9096
-8294
-5660
-2999
-780
-428
1011
1521
-4951
-12253
-12399
-11747
-12309
-12967
-12531
-12629
-12606
-12757
-13001
-12158
-9544
-9119
-8940
-8775
-8830
-8631
-8517
-8550
-8518
-8407
-8362
-8592
-8653
-6899
-4944
-2437
2689
3111
-1145
-8527
-11958
-12034
-11877
-12105
-12330
-12361
-12977
-13499
-12429
-9637
-9037
-8921
-8560
-8826
-8669
-8429
-8534
-8476
-8571
-8399
-8262
-8381
-8293
-8525
-7441
-3273
2246
6857
1506
-5414
-10898
-11862
-11973
-12117
-12256
-12886
-13382
-12685
-9649
-8994
-8862
-8689
-8787
-8739
-8331
-8451
-8561
-8405
-8247
-8287
-8480
-8192
-8015
-8313
-8193
-4515
3293
6280
3452
-872
-6130
-10723
-12170
-12270
-12595
-13048
-12839
-9448
-8903
-8911
-8752
-8642
-8661
-8413
-8352
-8509
-8545
-8317
-8392
-8524
-8215
-8112
-7998
-7927
-8019
-5162
-429
3062
4483
2704
-726
-4555
-8703
-11609
-12537
-12667
-9151
-8824
-8948
-8832
-8698
-8736
-8455
-8283
-8521
-8423
-8234
-8372
-8411
-8319
-8088
-7873
-7838
-7869
-8062
-7394
-4089
-541
2597
3446
2673
238
-2630
-4249
-6011
-9080
-8901
-8940
-8820
-8615
-8685
-8552
-8380
-8436
-8373
-8261
-8378
-8400
-8375
-8074
-7865
-7803
-7708
-7623
-7655
-7778
-6746
-3721
-1718
490
1347
606
1588
1892
-9025
-8979
-8884
-8767
-8704
-8832
-8548
-8500
-8338
-8355
-8324
-8395
-8302
-8277
-8025
-7790
-7753
-7574
-7590
-7517
-7088
-6939
-7435
-7508
-5552
-4085
-3496
-1378
152
-9135
-9062
-8950
-8754
-8860
-8860
-8453
-8565
-8524
-8369
-8367
-8371
-8247
-8153
-7916
-7808
-7855
-7595
-7495
-7498
-7097
-6946
-6950
-7036
-7137
-7269
-6959
-5822
-5212
-50019
-50202
-50454
-50552
-50779
-50812
-50646
-50680
-50011
-48916
-50237
-51421
-51359
-51736
-51872
-52242
-52464
-51825
-50620
-41499
-40469
-50393
-55104
-53859
-53909
-54108
-54556
-54715
-54822
-50207
-50447
-50713
-50724
-50743
-50896
-50443
-49510
-45578
-43739
-44976
-47792
-49137
-51081
-52347
-52175
-52601
-52274
-48727
-40312
-36409
-39301
-49990
-54672
-54017
-54210
-54542
-54711
-54879
-50042
-50275
-50829
-50776
-50791
-50953
-50780
-47987
-40061
-37973
-37174
-37376
-39225
-43617
-48484
-49683
-51218
-52909
-49503
-44249
-42368
-39147
-40424
-48161
-54418
-55201
-54582
-54635
-55035
-50164
-50400
-50694
-50806
-50771
-50845
-51392
-48983
-42042
-38678
-39470
-38820
-38129
-38105
-38699
-40267
-42988
-48805
-50945
-47158
-42194
-41764
-38623
-37075
-44079
-54100
-55219
-54693
-55123
-50044
-50257
-50503
-50762
-50578
-50538
-51069
-51003
-49209
-44818
-39305
-37126
-39474
-41442
-40359
-38316
-36908
-38882
-42309
-45235
-43576
-40802
-42483
-40786
-38722
-45767
-54438
-55521
-55084
-50118
-50207
-50611
-50659
-50092
-49085
-46137
-47437
-50010
-50695
-47710
-45444
-42526
-38753
-39721
-40733
-40818
-40986
-39864
-40262
-42433
-42574
-42544
-42760
-41475
-39697
-45937
-53140
-55907
-50131
-50327
-50608
-50480
-50225
-46267
-39055
-37815
-37747
-39900
-43379
-48054
-49671
-45330
-42396
-38013
-36356
-41721
-42491
-40166
-38706
-39430
-42848
-44217
-43311
-41639
-39587
-42305
-52267
-50397
-50320
-50608
-50766
-50538
-45969
-40977
-39730
-39515
-37872
-36989
-37969
-40322
-44663
-46613
-43627
-40279
-41400
-41003
-42408
-40918
-39300
-38508
-42852
-44352
-43571
-41841
-37416
-40217
-50388
-50415
-50619
-50962
-51414
-49862
-46451
-43003
-38454
-38170
-40603
-40923
-39526
-37572
-37467
-39557
-41936
-43749
-40883
-39665
-41978
-41732
-39546
-39701
-44676
-43263
-42427
-41415
-37559
-50404
-50474
-50714
-50796
-51540
-52462
-52230
-49839
-47204
-45038
-39896
-38502
-40387
-40603
-39530
-39048
-38466
-40690
-40393
-40225
-41998
-43109
-42263
-40540
-43105
-43535
-42683
-42000
-40230
-50278
-50528
-50799
-50811
-50441
-49999
-46538
-44320
-46169
-50204
-48195
-45386
-42879
-37092
-37054
-41234
-42009
-41127
-38661
-39695
-43668
-43603
-41916
-41447
-43203
-43170
-43255
-42690
-41615
-50442
-50681
-50754
-50815
-50594
-47936
-41235
-38260
-37297
-38624
-41910
-46696
-49396
-44604
-41899
-39682
-38292
-42081
-41652
-40532
-41888
-43746
-42184
-42045
-43907
-43518
-43656
-43182
-42093
-50497
-50885
-50884
-50967
-51654
-49549
-45170
-41019
-39172
-39315
-38313
-38524
-39793
-42392
-44692
-43421
-40596
-39572
-38328
-41945
-42215
-42890
-42576
-42126
-43894
-43789
-43708
-43477
-42630
-50437
-50680
-50854
-50911
-51912
-52641
-52370
-49258
-45338
-39696
-38786
-40667
-39887
-37974
-37375
-38921
-42186
-41759
-39962
-40690
-41966
-41912
-42573
-42733
-43948
-43766
-43737
-43587
-42750
-50595
-50876
-50915
-50948
-50993
-51573
-52303
-53010
-50833
-47684
-45219
-39754
-37308
-39445
-40261
-40793
-39823
-38123
-38631
-42616
-42454
-41830
-41855
-42117
-43272
-44001
-43814
-43674
-43092
-50567
-50842
-50857
-50881
-50985
-50887
-50374
-49280
-43342
-44418
-48438
-46596
-43086
-39920
-36094
-38645
-41969
-41406
-40788
-41424
-42591
-42123
-41988
-42789
-43258
-44020
-43924
-43767
-43386
-50690
-50780
-50781
-50882
-51063
-51148
-51078
-46482
-39450
-37277
-38198
-41190
-45941
-46239
-40810
-39529
-39011
-37516
-40558
-41910
-41955
-42052
-41815
-42309
-42944
-43873
-43893
-43792
-43406
-50697
-50817
-50767
-50894
-51027
-51243
-52108
-49932
-43736
-40473
-39125
-39066
-39224
-39318
-40636
-43850
-42979
-39700
-39999
-41714
-41020
-41085
-41951
-42298
-42750
-43322
-43697
-43897
-43395
-50639
-50806
-50767
-50894
-50982
-51140
-52574
-53113
-51085
-46763
-42533
-39551
-40431
-40608
-39482
-39583
-39523
-38892
-42359
-42111
-41482
-41141
-42181
-42249
-42517
-42915
-43057
-43610
-43553
-50454
-50837
-50778
-50894
-50942
-51211
-51551
-52617
-53742
-53970
-52009
-47980
-44439
-39865
-39083
-41562
-41461
-40046
-41061
-42184
-41952
-41609
-41999
-42535
-42414
-42815
-42857
-43393
-43596
-50456
-50657
-50856
-50941
-51030
-51491
-51669
-51648
-52097
-53292
-54217
-54589
-53443
-49431
-46505
-42292
-39884
-41015
-41990
-42716
-42578
-42416
-42370
-42440
-42584
-42555
-42791
-43360
-43920
-50545
-50934
-50836
-51057
-51144
-51426
-51609
-51613
-51807
-52098
-52379
-53284
-54453
-55345
-55821
-52927
-47623
-43553
-40218
-41892
-42996
-42893
-42775
-42691
-42949
-42987
-43097
-43770
-44294
-50554
-50862
-51030
-51149
-51221
-51543
-51591
-51694
-51937
-52202
-52289
-52368
-52627
-53327
-54535
-55626
-55230
-52067
-45991
-40967
-42736
-43169
-43089
-42693
-42773
-42723
-43151
-43649
-44102
-50785
-51036
-51142
-51249
-51384
-51545
-51693
-51780
-51957
-52230
-52402
-52466
-52896
-53169
-53252
-54218
-55352
-55854
-52993
-46479
-42633
-41737
-43608
-43827
-43386
-43187
-43245
-43531
-43965
-50767
-51042
-51058
-51404
-51642
-51692
-51786
-51839
-51939
-52274
-52373
-52439
-52817
-53144
-53429
-53775
-54220
-55688
-56483
-54727
-50152
-45100
-41070
-41844
-43730
-43999
-43669
-43641
-43719
-50862
-51016
-51019
-51329
-51501
-51533
-51721
-51898
-52046
-52291
-52454
-52524
-52887
-53247
-53641
-53911
-54082
-54537
-55738
-57109
-57755
-55789
-50659
-46227
-41674
-41415
-43743
-44455
-44285
-50818
-50887
-51022
-51210
-51364
-51519
-51767
-51844
-52183
-52363
-52461
-52765
-53075
-53308
-53673
-53901
-54103
-54446
-54642
-55195
-56558
-57528
-58126
-57009
-52679
-49383
-46490
-43287
-41687
-50936
-50851
-50962
-51265
-51410
-51529
-51776
-51884
-52292
-52487
-52489
-52852
-53195
-53511
-53771
-53818
-54128
-54578
-54741
-55075
-55421
-55589
-56784
-57968
-58727
-59513
-58548
-55299
-52425
-50706
-50775
-50977
-51289
-51441
-51591
-51873
-51999
-52238
-52340
-52591
-52935
-53220
-53572
-53878
-53925
-54197
-54552
-54781
-55110
-55382
-55416
-55748
-56008
-56302
-57537
-58724
-59379
-59982
-53056
-53294
-53495
-53471
-53430
-53349
-52980
-51397
-50218
-50793
-54308
-55112
-54246
-54144
-54170
-54458
-54554
-55769
-50646
-42828
-48898
-58787
-57034
-55259
-55088
-55287
-55638
-55592
-55771
-53055
-53402
-53583
-53459
-53486
-53493
-54282
-50239
-45650
-47945
-51806
-52551
-52657
-54983
-55585
-54582
-54742
-56791
-48338
-41083
-47255
-53637
-57070
-57893
-55733
-55488
-55612
-55604
-55669
-53104
-53369
-53501
-53313
-53455
-53447
-56771
-53550
-43424
-45049
-49239
-49996
-49796
-51927
-53144
-52062
-54602
-58492
-49248
-39273
-45868
-50998
-52192
-55474
-58130
-56732
-55584
-55574
-55869
-53142
-53321
-53489
-53497
-53506
-53363
-54809
-52576
-46168
-46516
-46271
-46783
-48942
-51670
-50779
-49084
-50815
-54990
-53323
-45394
-42528
-47978
-51532
-50520
-55419
-59518
-56266
-55648
-55962
-53218
-53336
-53463
-53520
-53030
-51375
-50189
-50291
-48640
-48385
-47768
-48018
-47207
-47592
-47466
-49000
-51138
-50307
-48548
-47444
-45254
-45451
-48302
-50785
-51609
-57163
-58855
-56693
-55984
-53364
-53327
-53492
-53448
-53256
-49487
-46330
-48321
-48939
-45715
-44751
-49940
-50830
-49408
-47538
-44594
-46943
-51429
-48821
-46910
-43470
-45496
-47820
-48653
-51387
-52407
-55466
-58023
-58014
-53373
-53303
-53501
-54186
-55891
-49825
-42835
-47273
-48787
-46272
-45186
-46888
-46094
-45387
-49997
-48241
-45841
-47122
-48701
-48464
-45755
-44993
-48355
-49160
-48996
-51614
-52056
-52421
-59332
-53435
-53223
-53501
-53771
-55727
-49990
-45551
-47338
-46809
-46496
-49698
-49364
-46274
-43839
-44898
-43495
-47510
-49841
-45944
-46195
-48210
-47174
-47517
-50987
-49213
-49224
-50793
-49928
-54605
-53528
-53237
-53450
-53308
-52841
-48711
-47900
-49231
-48358
-47321
-46878
-47629
-47951
-48494
-46399
-43560
-44061
-48941
-47377
-45884
-46081
-47906
-46456
-49931
-51260
-48216
-47191
-49781
-51341
-53473
-53258
-53464
-53376
-52107
-48924
-44948
-44004
-47263
-50843
-49711
-48986
-47304
-44858
-45505
-48786
-47701
-47314
-43438
-45771
-47448
-47747
-45964
-48156
-51447
-48299
-47423
-47002
-49737
-53553
-53509
-53493
-53381
-54839
-51911
-44600
-43185
-46137
-47115
-45442
-49696
-51715
-47897
-46927
-45388
-47285
-48220
-45207
-46339
-48695
-49301
-45833
-48633
-51129
-48721
-48086
-47013
-45575
-53412
-53548
-53496
-53411
-56748
-54334
-46575
-45893
-47748
-46600
-45030
-46271
-45964
-41654
-47506
-50277
-48218
-45674
-45969
-48660
-50277
-50025
-46553
-48459
-50388
-49079
-49047
-48021
-45911
-53457
-53562
-53489
-53493
-53882
-51373
-47955
-47705
-48461
-46978
-47570
-48759
-46286
-42038
-43274
-43055
-48296
-48729
-44659
-47061
-49324
-49451
-47325
-48794
-50613
-49188
-49222
-48565
-46774
-53450
-53688
-53577
-53433
-52687
-51359
-48534
-47483
-48604
-47887
-48178
-46834
-46710
-47120
-47565
-45186
-45585
-43769
-43488
-46918
-48860
-48910
-48385
-49109
-50733
-49429
-49481
-48993
-47470
-53419
-53638
-53492
-53452
-53455
-52839
-50715
-46400
-42762
-46302
-51682
-49226
-47764
-45416
-45138
-48285
-48010
-44870
-43785
-46845
-48592
-48359
-49011
-49272
-50638
-49720
-49535
-49129
-47963
-53589
-53631
-53473
-53455
-53499
-54012
-55373
-48952
-40579
-44456
-47001
-43720
-47549
-49625
-47925
-49027
-47028
-45630
-47717
-49694
-48696
-48187
-48708
-49513
-50309
-50004
-49620
-49107
-48225
-53661
-53535
-53544
-53508
-53549
-53919
-57489
-51944
-44080
-45795
-45722
-43853
-44372
-43847
-40833
-49702
-50096
-43978
-46073
-49037
-48425
-48296
-48737
-49460
-49916
-50136
-49971
-49520
-48406
-53591
-53446
-53515
-53574
-53543
-53427
-54194
-51260
-46302
-47470
-48354
-47883
-46780
-45096
-41063
-45189
-44476
-42075
-46040
-48485
-47877
-48268
-49234
-49522
-49754
-49727
-49876
-49849
-48489
-53596
-53497
-53515
-53574
-53470
-53431
-52916
-51381
-47050
-47845
-48687
-49119
-48145
-46372
-46410
-47235
-44832
-41999
-46036
-48431
-47681
-48296
-49426
-48993
-49511
-49661
-49596
-49940
-49188
-53370
-53478
-53525
-53574
-53470
-53699
-53838
-52589
-51022
-48671
-47276
-48570
-49797
-48177
-48137
-47828
-45463
-45607
-49494
-48689
-48005
-48362
-49220
-48948
-49110
-49312
-49422
-50045
-49526
-53505
-53581
-53558
-53620
-53571
-54032
-54007
-53902
-53685
-52706
-51059
-49107
-47761
-46592
-50111
-50553
-47716
-44957
-46766
-48178
-48448
-48522
-48866
-48951
-49066
-49352
-49472
-50116
-50083
-53642
-53675
-53601
-53755
-53948
-54059
-53938
-53891
-54174
-54307
-54228
-53203
-51733
-49611
-49201
-49046
-49228
-48884
-45348
-45011
-48216
-49089
-49067
-48996
-49279
-49092
-49437
-50244
-50255
-53660
-53668
-53749
-53635
-53846
-54039
-53918
-53920
-54100
-54326
-54403
-54305
-54615
-54614
-53185
-51903
-50030
-50558
-48300
-46041
-45667
-46942
-48946
-49082
-49292
-49120
-49553
-50005
-50091
-53815
-53724
-53659
-53743
-53790
-53946
-53802
-53947
-54227
-54360
-54336
-54353
-54832
-54908
-54894
-54749
-53651
-52107
-50035
-49016
-50056
-47550
-46491
-46826
-48828
-49184
-49729
-49887
-49978
-53822
-53723
-53659
-53886
-53974
-54007
-53955
-53955
-54063
-54459
-54407
-54441
-54857
-54962
-55090
-55312
-55162
-54201
-52481
-49010
-50383
-50679
-50637
-49071
-48054
-47285
-48308
-49330
-49536
-53838
-53675
-53714
-53858
-53785
-53879
-53987
-53976
-54233
-54428
-54381
-54572
-54936
-55168
-55309
-55295
-55305
-55484
-54458
-52915
-50616
-48674
-49581
-51464
-51357
-50775
-51405
-51184
-49377
-53726
-53605
-53750
-53881
-53914
-53959
-54109
-53994
-54337
-54458
-54437
-54699
-55019
-55211
-55340
-55310
-55313
-55563
-55641
-55809
-54584
-52433
-50061
-49184
-47988
-50454
-53820
-53933
-52021
-53700
-53563
-53716
-53858
-53990
-54143
-54175
-54151
-54467
-54446
-54459
-54746
-55006
-55196
-55306
-55163
-55465
-55716
-55727
-55994
-55997
-55710
-54886
-53389
-50686
-50315
-50776
-49129
-48384
-53645
-53634
-53754
-53733
-53881
-54094
-54126
-54097
-54453
-54393
-54673
-54904
-55032
-55185
-55295
-55243
-55522
-55737
-55766
-55971
-56019
-55855
-56143
-56364
-56224
-55584
-53971
-51430
-50284
-93501
-93240
-93243
-93334
-93286
-93231
-93356
-94082
-95091
-95635
-93959
-93163
-92628
-92494
-92486
-92274
-92111
-91854
-95508
-99354
-94660
-89944
-91088
-91217
-91178
-91064
-90853
-90770
-90533
-93413
-93201
-93152
-93246
-93228
-93140
-93239
-95993
-99569
-99976
-97246
-95798
-94680
-93274
-92529
-92361
-92084
-91127
-94294
-96673
-96288
-91872
-91417
-91268
-91299
-90987
-90874
-90805
-90578
-93396
-93336
-93213
-93268
-93152
-93137
-91773
-93572
-98380
-99314
-99694
-99358
-98074
-95855
-94791
-94982
-93507
-91352
-92080
-93621
-94688
-95554
-94473
-92104
-90952
-90794
-90870
-90714
-90446
-93338
-93288
-93292
-93263
-93162
-93176
-92080
-89568
-90055
-91171
-94832
-96007
-97231
-98336
-98470
-98898
-96826
-92807
-90385
-92385
-94746
-95495
-97053
-95008
-91346
-90060
-90799
-90652
-90427
-93252
-93356
-93315
-93234
-93421
-94126
-95226
-91124
-86256
-85865
-88224
-89516
-92215
-94966
-97294
-98942
-99233
-97312
-93291
-90948
-94035
-95223
-94270
-94881
-93700
-90374
-90305
-90619
-90441
-93236
-93393
-93307
-93295
-93521
-96182
-99380
-99119
-93643
-90009
-86540
-84121
-86695
-89670
-92861
-95206
-95147
-95427
-97390
-94738
-94481
-94931
-95609
-94314
-95091
-93765
-91438
-90597
-90169
-93421
-93468
-93333
-92958
-92424
-96016
-100016
-100255
-100173
-100108
-96036
-90216
-87831
-86818
-87331
-90687
-93312
-93684
-95136
-97837
-97415
-96633
-96671
-95756
-94669
-95546
-95184
-93191
-89437
-93429
-93509
-93333
-92806
-91383
-90904
-91713
-93464
-95668
-97328
-98286
-99025
-97859
-95175
-90918
-88519
-88222
-91448
-95102
-95611
-96143
-97479
-97455
-96180
-95779
-95484
-96528
-96761
-91651
-93390
-93499
-93339
-93358
-92384
-88717
-86586
-87252
-89024
-90648
-93237
-94870
-97599
-99954
-100037
-95369
-91201
-89479
-92818
-95521
-95454
-95581
-96862
-96315
-96155
-97065
-96529
-96115
-95806
-93383
-93467
-93329
-93276
-93891
-93059
-91019
-88871
-85409
-85113
-87944
-89945
-92711
-95133
-95678
-96052
-96955
-93732
-93519
-93766
-95787
-95788
-96650
-96473
-96077
-97040
-97531
-96199
-96490
-93352
-93335
-93313
-93184
-92772
-94988
-99679
-99762
-93314
-89158
-86511
-85243
-86498
-88829
-90765
-93186
-94786
-97140
-96577
-94611
-95812
-96808
-96300
-95819
-96306
-97237
-97392
-97185
-96581
-93344
-93213
-93221
-93123
-91294
-91891
-94284
-97128
-98488
-99041
-96160
-91297
-87660
-86431
-86404
-90138
-92807
-94363
-95328
-96178
-96365
-96924
-96463
-95774
-96373
-97083
-97253
-97521
-97927
-93298
-93223
-93170
-92990
-92327
-89636
-87548
-88515
-90857
-94384
-96631
-99166
-98869
-95775
-92408
-89729
-88095
-91848
-94305
-96514
-97088
-97511
-96835
-96251
-96640
-97208
-97299
-97476
-98100
-93292
-93172
-93118
-93135
-93600
-91020
-87786
-85160
-85840
-88305
-90295
-94447
-96082
-98239
-99599
-95815
-91362
-91283
-93332
-96460
-97513
-97970
-97091
-96857
-96704
-97248
-97307
-97377
-97726
-93329
-93080
-93154
-93163
-93161
-93415
-93682
-90783
-89635
-86302
-85558
-88891
-91135
-93973
-94257
-95141
-98250
-96412
-95206
-96326
-97435
-97954
-97371
-97383
-96797
-97104
-97108
-97337
-97488
-93322
-93228
-93221
-93133
-93109
-92827
-92515
-97123
-100309
-95012
-89519
-86915
-85641
-87980
-90653
-92102
-93764
-95020
-96277
-97220
-97650
-98105
-97354
-97380
-96932
-97047
-97056
-97443
-97543
-93247
-93293
-93165
-93102
-93073
-92672
-90787
-91859
-95725
-98247
-98699
-95793
-92166
-88918
-88450
-87247
-90775
-94210
-96987
-97650
-98262
-98374
-97738
-97320
-97343
-97250
-97047
-97158
-97780
-93256
-93269
-93157
-93104
-93076
-93011
-91481
-88007
-87657
-89462
-92654
-95079
-98891
-97796
-95073
-90893
-89726
-93224
-96877
-98032
-98479
-97852
-97450
-97495
-97592
-97646
-97351
-97302
-97647
-93294
-93263
-93157
-93104
-93039
-92873
-93308
-89863
-85972
-84706
-86370
-88331
-91963
-94794
-95374
-98036
-96547
-95581
-96635
-97556
-98073
-97645
-97437
-97484
-97599
-97866
-97734
-97399
-97227
-93326
-93207
-93150
-93104
-93054
-92671
-92659
-93208
-91014
-87429
-84650
-84050
-85887
-87986
-89356
-92176
-94609
-96647
-97337
-97419
-97543
-97231
-97438
-97665
-97726
-97750
-97680
-97335
-96884
-93299
-93224
-93170
-93060
-92903
-92600
-92620
-92612
-92775
-92830
-91070
-87959
-85167
-83463
-83601
-86377
-88993
-94024
-96215
-97527
-97406
-97351
-97618
-97658
-97700
-97610
-97233
-96910
-96711
-93088
-93153
-93091
-92953
-92952
-92733
-92654
-92653
-92478
-92367
-92290
-92678
-91800
-88526
-85766
-83237
-83325
-87668
-93726
-96797
-97322
-97458
-97480
-97458
-97482
-97429
-97084
-96673
-96694
-93076
-93075
-92977
-92915
-92698
-92610
-92615
-92621
-92445
-92326
-92187
-92152
-91881
-91880
-92178
-89091
-85299
-83430
-87162
-92216
-95431
-97006
-97317
-97440
-97365
-97419
-97155
-97051
-96922
-93025
-93031
-92979
-92848
-92739
-92612
-92553
-92602
-92468
-92278
-92170
-92106
-91833
-91681
-91533
-91675
-91224
-87287
-83592
-85084
-88023
-92650
-94847
-96698
-97249
-97277
-97140
-97250
-97223
-93102
-93105
-93032
-92609
-92683
-92602
-92607
-92595
-92472
-92238
-92183
-92122
-91845
-91633
-91395
-91258
-91189
-91455
-87479
-83595
-81935
-84514
-87509
-91467
-93927
-95585
-96837
-97277
-97520
-93146
-93121
-93031
-92900
-92827
-92680
-92584
-92563
-92453
-92248
-92169
-92007
-91788
-91513
-91338
-91187
-91055
-90922
-91241
-89268
-85240
-82127
-81287
-83491
-85835
-88346
-90624
-92219
-94116
-93150
-93140
-93047
-92939
-92868
-92743
-92577
-92539
-92316
-92219
-92093
-91881
-91712
-91421
-91267
-91176
-91115
-90825
-90729
-90559
-91023
-89215
-85240
-82138
-80755
-81379
-82448
-83751
-85664
-93203
-93196
-93011
-92873
-92785
-92660
-92511
-92453
-92272
-92200
-92067
-91846
-91621
-91396
-91238
-91173
-90986
-90851
-90703
-90393
-90286
-90348
-90629
-89596
-86379
-83987
-81682
-80280
-80410
-93205
-93140
-93002
-92953
-92738
-92566
-92510
-92508
-92241
-92165
-91965
-91822
-91590
-91384
-91240
-91165
-90939
-90759
-90622
-90438
-90300
-90281
-90045
-89879
-89895
-89913
-89413
-87575
-85603
-72552
-72486
-72812
-73014
-72999
-73161
-73316
-75716
-77559
-77543
-75858
-74441
-74250
-73843
-74044
-73979
-74048
-73091
-75311
-74123
-70126
-69480
-73358
-74885
-75165
-75338
-75398
-75533
-75456
-72639
-72766
-72923
-72978
-72946
-73152
-72506
-76513
-77719
-76440
-75000
-75735
-76180
-74656
-74290
-74236
-74047
-70682
-69029
-68834
-67308
-68027
-73085
-74951
-75823
-75338
-75294
-75522
-75524
-72572
-72956
-72925
-73159
-73242
-73253
-69366
-65539
-63369
-63149
-65211
-68784
-71421
-73227
-75686
-77563
-76248
-70490
-68231
-71947
-71382
-70676
-70439
-72291
-73585
-74770
-75280
-75473
-75590
-72507
-72867
-72838
-73121
-73293
-73313
-69772
-61230
-59959
-56771
-56329
-59893
-62595
-66732
-70213
-73717
-74065
-71685
-68029
-70266
-69192
-66474
-66217
-66627
-69076
-72325
-75203
-75671
-75725
-72416
-72822
-72970
-73108
-73299
-75461
-76776
-74427
-72011
-64332
-56937
-54113
-55131
-60629
-64532
-65127
-65992
-66930
-69181
-70664
-70180
-66638
-65701
-67509
-68072
-69373
-73224
-75278
-75749
-72602
-72968
-73020
-72806
-73241
-77307
-78842
-78730
-79954
-80600
-77129
-67253
-60716
-56571
-55152
-57755
-62348
-64542
-68096
-69262
-71718
-71214
-68713
-68112
-69710
-68288
-71082
-73641
-75150
-72889
-73041
-72980
-72092
-69729
-67726
-67069
-65680
-68659
-73366
-78293
-78635
-78075
-72500
-62886
-59539
-59338
-61999
-65108
-66281
-67930
-70611
-69090
-68238
-68673
-70171
-69931
-71373
-72578
-72752
-73011
-72980
-72170
-66859
-60844
-59567
-56087
-57842
-60489
-63132
-67707
-74168
-79992
-77238
-73364
-66969
-62419
-63894
-65496
-64911
-64259
-64744
-65665
-68071
-69355
-69005
-69919
-69045
-72544
-73062
-72975
-73207
-71244
-69943
-66363
-59464
-55365
-54248
-55930
-62017
-63945
-65285
-67215
-71148
-71910
-67174
-65945
-64967
-64984
-65403
-67579
-65184
-66285
-68182
-67683
-69191
-69035
-72624
-73071
-73026
-73001
-74219
-79012
-81757
-80048
-72681
-63404
-58016
-55663
-54131
-56643
-60962
-62379
-66436
-67882
-70255
-69819
-68427
-68115
-68399
-66880
-65584
-68602
-67623
-66824
-68443
-72767
-72928
-72958
-72958
-71456
-73917
-75847
-78286
-79424
-79307
-77365
-66912
-57769
-54827
-55295
-58496
-64572
-65451
-68137
-69003
-69271
-67494
-66884
-67428
-66061
-67992
-68141
-67354
-67522
-72921
-72904
-72940
-73027
-68888
-63496
-60366
-59384
-63533
-69176
-76981
-78131
-77733
-75990
-68265
-62040
-59494
-60451
-64559
-66155
-67131
-67502
-68031
-68283
-67361
-68480
-68251
-68045
-67703
-72971
-72895
-73235
-73345
-71121
-65854
-62548
-59031
-57217
-57725
-62254
-66623
-73227
-80548
-76904
-70888
-64388
-61232
-66070
-66719
-67907
-67591
-69186
-69118
-68061
-68776
-68458
-68101
-67733
-72810
-72859
-73154
-73307
-74192
-74489
-75248
-71017
-63467
-58612
-56858
-58331
-62529
-63231
-64852
-69555
-72026
-71373
-72104
-68764
-67525
-67447
-68379
-68599
-67487
-68654
-68277
-68045
-67776
-73065
-73221
-73331
-73367
-73449
-73952
-76251
-81035
-80653
-75110
-63995
-57791
-54326
-54467
-60370
-63488
-65625
-69270
-71265
-69873
-67933
-67679
-67207
-67961
-67597
-68427
-68405
-68285
-68268
-73165
-73118
-73278
-73285
-73411
-72680
-71649
-74048
-77555
-77473
-76624
-75146
-66149
-59444
-57654
-55276
-58497
-63721
-65672
-66727
-68091
-68482
-67670
-68204
-67834
-68319
-68469
-68591
-68668
-73023
-72988
-73178
-73305
-73447
-72751
-67348
-62286
-61888
-62315
-67361
-76549
-78228
-75858
-71972
-61511
-58539
-65248
-66808
-67735
-68018
-67648
-67331
-67596
-68338
-68528
-68606
-68658
-68640
-72976
-73116
-73251
-73350
-73411
-73325
-70113
-63935
-61876
-58723
-56644
-59212
-64197
-70393
-77038
-74004
-72774
-74033
-69946
-66594
-66810
-66373
-67182
-67402
-68180
-68466
-68714
-68701
-68671
-72985
-73121
-73251
-73350
-73311
-73101
-73907
-73362
-73228
-66120
-59574
-56238
-56406
-58164
-61412
-64464
-70134
-72550
-69971
-66483
-66765
-66477
-66757
-67698
-67851
-68300
-68439
-68271
-67850
-72870
-73021
-73245
-73350
-73244
-73253
-73476
-75122
-77103
-77625
-76168
-69008
-59936
-55407
-54480
-56139
-61237
-64095
-65392
-66976
-67023
-67241
-66960
-67774
-67791
-67901
-67914
-67177
-67226
-72822
-73009
-73202
-73346
-73449
-73527
-73580
-73799
-74203
-75775
-78604
-78760
-77005
-72958
-63924
-57891
-57236
-61219
-64152
-66798
-67751
-68073
-67803
-67737
-67866
-67501
-67408
-67189
-67785
-72591
-72825
-73147
-73275
-73226
-73256
-73522
-73736
-73776
-73752
-74047
-75386
-78149
-80738
-78876
-74164
-66527
-63200
-62889
-65569
-66973
-67889
-67644
-67371
-67551
-67583
-68057
-68089
-68360
-72647
-73011
-73260
-73093
-73212
-73290
-73667
-73822
-73793
-73897
-73962
-74123
-74077
-74524
-76439
-78089
-77458
-70829
-66307
-61621
-62705
-65549
-67445
-67625
-67755
-67892
-68134
-68346
-68850
-72848
-73195
-73274
-73307
-73444
-73622
-73846
-73913
-73898
-73933
-74130
-74284
-74363
-74402
-74611
-75254
-76529
-75810
-70442
-64566
-58301
-57312
-61514
-65892
-68016
-68303
-68209
-68676
-68893
-73090
-73234
-73476
-73493
-73602
-73696
-73823
-73928
-73860
-73988
-74107
-74353
-74309
-74430
-74591
-74703
-75162
-76454
-76310
-75929
-67408
-60679
-56452
-56031
-58337
-63275
-66368
-68448
-68962
-73060
-73255
-73529
-73553
-73772
-73864
-73836
-73937
-74039
-73931
-74163
-74242
-74257
-74445
-74636
-74927
-75115
-75403
-76912
-79446
-79828
-78205
-69711
-60237
-55080
-53865
-53193
-55054
-58872
-73128
-73260
-73499
-73531
-73644
-73721
-73825
-73894
-73901
-73908
-74106
-74213
-74315
-74433
-74699
-75007
-75291
-75384
-75527
-75811
-77503
-80518
-81128
-79720
-75357
-66361
-57839
-53433
-52660
-73000
-73316
-73399
-73379
-73331
-73511
-73720
-73909
-73892
-74100
-74289
-74295
-74451
-74655
-74831
-75104
-75283
-75278
-75531
-75670
-75857
-76260
-77464
-80589
-83809
-83105
-81494
-79509
-75208
-72746
-73216
-73384
-73473
-73555
-73741
-73899
-73960
-73952
-74115
-74283
-74312
-74547
-74760
-74895
-75200
-75136
-75219
-75625
-75729
-75881
-76104
-76099
-76284
-76779
-78172
-80943
-84549
-86087
