-128
-124
-128
-125
-123
-128
-128
-120
-128
-128
-123
-128
-115
-128
-128
-116
-128
-128
-128
-128
-110
-128
-128
-112
-128
-128
-128
-123
-112
-128
-128
-118
-128
-127
-128
-121
-128
-128
-128
-119
-128
-126
-128
-121
-128
-128
-128
-123
-119
-128
-85
-128
-128
-128
-111
-88
-117
-128
-70
-119
-128
-128
-108
-109
-128
-128
-73
-128
-128
-128
-113
-100
-126
-128
-98
-128
-119
-128
-117
-101
-128
-128
-114
-128
-115
-128
-128
-110
-128
-126
-128
-122
-128
-128
-128
-118
-128
-87
-67
-122
-128
-128
-105
-100
-128
-128
-68
-122
-128
-128
-109
-85
-128
-128
-65
-128
-128
-128
-95
-78
-125
-128
-57
-120
-128
-128
-97
-86
-128
-128
-82
-121
-128
-128
-128
-114
-128
-126
-128
-121
-128
-128
-128
-110
-128
-82
-74
-108
-128
-128
-104
-89
-128
-128
-62
-113
-128
-128
-100
-85
-128
-128
-54
-97
-128
-128
-99
-90
-126
-128
-68
-101
-128
-128
-95
-86
-128
-128
-88
-126
-128
-128
-114
-119
-128
-128
-123
-128
-128
-128
-128
-109
-114
-128
-73
-87
-128
-128
-108
-100
-123
-128
-79
-109
-128
-128
-111
-102
-118
-128
-77
-102
-128
-128
-105
-111
-116
-128
-79
-99
-128
-128
-107
-118
-107
-128
-90
-121
-128
-128
-111
-117
-127
-128
-101
-128
-126
-128
-128
-111
-128
-110
-84
-80
-128
-128
-124
-97
-127
-128
-93
-104
-128
-128
-124
-114
-118
-128
-111
-115
-128
-128
-128
-123
-124
-128
-118
-113
-128
-128
-128
-123
-110
-128
-119
-118
-128
-128
-116
-117
-121
-113
-108
-128
-112
-128
-128
-120
