-45
-1
24
-5
18
17
61
0
-50
-21
27
-11
16
-20
32
14
-64
-47
48
-19
10
-12
41
4
-85
-64
50
-29
13
3
20
9
-58
-56
41
-5
5
-2
40
27
-91
-41
62
29
27
-6
47
10
-68
-39
32
-22
20
7
25
21
-66
-30
10
-27
-6
-4
32
8
-65
-50
34
-38
10
-10
33
11
-91
-40
35
-48
3
4
25
27
-76
-48
17
-17
0
16
18
-3
-95
-42
45
-9
2
15
32
11
-48
-35
9
-11
13
0
48
9
-51
-27
-1
-18
6
-3
11
14
-59
-46
13
-36
-18
6
30
12
-65
-54
15
-47
-15
3
45
-2
-75
-37
8
-22
-33
-17
19
6
-75
-41
36
0
-15
-12
50
34
-40
-30
20
-1
9
-9
47
8
-60
-43
16
-3
-12
17
30
1
-59
-48
0
4
-9
-16
20
0
-64
-47
13
-2
-24
7
38
12
-65
-31
2
-9
-33
20
21
9
-84
-41
20
-10
-2
14
45
17
-27
-8
11
5
-10
19
54
-5
-55
-23
6
23
2
-12
39
3
-63
-30
11
16
1
3
44
11
-66
-33
36
21
-24
-21
40
-20
-56
-34
10
23
-29
-4
31
22
-74
-29
26
27
5
-11
33
18
-12
-11
-12
37
-2
2
58
-12
-24
-11
16
27
-22
11
64
-23
-23
-19
7
19
4
-20
51
-17
-23
-27
15
18
-19
10
39
-23
-41
-28
3
17
6
-9
24
-18
-21
-25
23
17
30
5
11
6
61
-50
-29
19
5
-7
-92
-30
66
-75
5
44
32
8
-127
-57
83
-44
-7
76
73
3
-89
-68
78
-51
-10
22
88
-13
-52
-58
74
-40
-10
5
60
-20
-29
-49
118
-8
-5
-8
36
-5
3
-43
42
-23
1
26
7
10
-68
-3
8
-14
-1
46
40
-12
-76
-22
0
-25
0
61
64
1
-56
-20
0
-20
0
43
87
18
-24
-6
12
-28
-15
36
75
12
-41
-12
46
-11
-17
-3
41
-20
-21
-20
30
-8
0
24
-2
8
-80
-2
22
2
-11
44
33
-4
-85
-13
32
13
-6
30
81
7
-72
-27
10
8
-12
10
103
2
-74
-15
40
21
7
-9
60
19
-61
-3
62
21
-38
-26
46
3
-44
-11
36
18
-13
9
0
-8
-87
16
30
17
-18
15
32
-2
-97
-6
25
12
-24
6
61
8
-94
-18
25
5
-30
-20
69
-7
-80
-3
64
25
-43
-39
36
5
-90
-2
33
9
-54
-35
33
12
-67
11
37
-9
-30
31
-11
-4
-77
2
28
-11
-22
18
12
-3
-67
8
32
-3
-38
-1
61
-6
-89
5
40
0
-24
-2
24
-13
-68
0
57
-1
-32
-22
41
12
-61
2
35
20
-45
-12
11
-12
-97
12
6
-15
-52
48
-17
-18
-79
34
39
-5
-35
46
21
7
-82
-2
22
4
-36
42
39
-6
-62
9
46
-1
-45
27
30
-15
-72
-10
44
14
-61
19
7
-13
-64
0
8
16
-52
-7
12
17
-81
27
-1
72
-29
-24
-3
-7
33
11
-26
68
-2
-47
-50
6
45
30
-29
91
-50
-48
-88
-3
36
46
-63
97
-61
-30
-89
8
8
50
-37
92
-34
-13
-72
-2
13
20
-52
37
-47
27
-58
-15
-59
-29
1
28
5
-19
17
8
33
-26
16
62
-7
-9
-34
16
32
0
64
54
-21
-15
-50
0
7
24
70
76
-26
-5
-60
-19
14
10
41
54
-24
13
-64
-19
4
-4
11
24
-25
10
-50
-16
-38
-19
4
31
-1
11
6
18
21
-17
6
45
-9
2
-41
1
18
-14
53
57
-13
-2
-55
-20
22
7
33
52
-21
32
-51
-16
13
-6
9
48
13
28
-55
10
19
-17
14
29
-33
39
-39
-17
-2
-34
20
18
5
-16
11
11
-2
-37
22
15
24
-10
-32
-8
30
-8
29
21
0
-14
-26
9
3
-10
26
21
-11
-1
-40
-13
17
-12
16
21
4
-1
-32
-18
17
-17
20
10
-22
3
-17
3
7
-44
17
4
37
-31
8
-7
6
-19
-2
2
22
-39
-9
-14
22
-10
8
16
15
-37
-1
17
18
11
18
25
30
-21
-33
2
-6
-12
-8
13
31
-18
-8
19
11
-13
10
16
5
-10
-31
18
-13
-39
1
-7
22
-88
29
13
5
-5
-9
18
30
-53
-11
-21
10
2
2
15
18
-64
-9
-7
-13
9
24
14
25
-40
-21
14
-4
-2
2
6
28
-39
-13
-8
7
-2
21
5
17
-40
-9
10
32
-29
