-128
-127
-127
-124
-128
-128
-102
-128
-128
-126
-127
-124
-128
-128
-102
-128
-128
-127
-127
-124
-128
-128
-102
-128
-128
-127
-128
-124
-128
-128
-103
-128
-128
-127
-128
-123
-128
-128
-103
-128
-128
-127
-128
-123
-128
-128
-102
-128
-128
-128
-128
-123
-128
-128
-102
-128
-128
-127
-128
-123
-128
-128
-102
-128
-128
-128
-128
-123
-128
-128
-102
-128
-128
-127
-128
-123
-128
-128
-102
-128
-128
-127
-128
-124
-128
-128
-102
-128
-128
-127
-128
-123
-128
-128
-102
-128
-128
-127
-128
-123
-128
-128
-102
-128
-128
-127
-128
-123
-128
-128
-102
-128
-128
-128
-128
-123
-128
-128
-102
-128
-128
-127
-128
-123
-128
-128
-102
-128
-128
-127
-127
-123
-128
-128
-102
-128
-128
-128
-125
-123
-128
-128
-101
-128
-128
-127
-126
-123
-128
-128
-102
-128
-128
-128
-128
-123
-128
-128
-102
-128
-128
-128
-128
-123
-128
-128
-101
-128
-128
-128
-128
-123
-128
-128
-102
-128
-128
-128
-128
-123
-128
-128
-102
-128
-128
-128
-128
-123
-128
-128
-102
-128
-128
-127
-128
-123
-128
-128
-101
-128
-128
-128
-128
-123
-128
-128
-101
-128
-128
-128
-128
-123
-128
-128
-100
-128
-128
-128
-128
-123
-128
-128
-101
-128
-128
-128
-128
-123
-128
-128
-102
-128
-128
-128
-128
-123
-128
-128
-102
-128
-125
-127
-125
-115
-128
-124
-103
-128
-128
-126
-92
-100
-128
-124
-95
-111
-125
-121
-107
-113
-128
-122
-88
-128
-128
-126
-103
-106
-128
-128
-96
-117
-128
-122
-105
-111
-128
-128
-91
-123
-128
-126
-124
-123
-128
-128
-101
-128
-128
-127
-127
-123
-128
-128
-100
-128
-128
-127
-127
-123
-128
-128
-100
-128
-128
-128
-128
-123
-128
-128
-100
-128
-128
-128
-127
-123
-128
-128
-100
-128
-128
-128
-128
-123
-128
-128
-100
-128
-128
-127
-128
-123
-128
-128
-100
-128
-126
-127
-124
-114
-128
-125
-102
-128
-128
-128
-98
-104
-128
-128
-91
-112
-105
-106
-121
-122
-128
-115
-96
-128
-113
-118
-77
-100
-125
-106
-97
-99
-120
-114
-77
-107
-128
-109
-81
-107
-104
-102
-91
-100
-126
-107
-105
-107
-128
-121
-74
-102
-128
-118
-77
-106
-120
-117
-111
-109
-128
-116
-95
-128
-128
-128
-96
-99
-128
-128
-86
-114
-128
-122
-109
-119
-128
-128
-92
-128
-128
-128
-128
-123
-128
-128
-100
-128
-128
-128
-128
-122
-128
-128
-100
-128
-128
-128
-128
-122
-128
-128
-100
-128
-128
-128
-128
-123
-128
-128
-100
-128
-105
-109
-128
-119
-128
-114
-108
-128
-121
-123
-74
-96
-125
-108
-92
-101
-105
-101
-80
-105
-128
-114
-79
-120
-99
-100
-91
-123
-125
-115
-110
-103
-128
-128
-72
-107
-126
-118
-77
-94
-98
-92
-109
-128
-123
-115
-90
-118
-128
-124
-74
-106
-128
-117
-79
-102
-98
-93
-100
-118
-128
-101
-81
-128
-123
-123
-71
-96
-123
-110
-85
-106
-125
-116
-81
-106
-128
-117
-76
-124
-128
-124
-120
-123
-128
-128
-100
-128
-128
-128
-128
-123
-128
-128
-99
-128
-128
-128
-128
-123
-128
-128
-99
-128
-128
-128
-128
-122
-128
-128
-99
-128
-104
-107
-128
-126
-128
-128
-102
-128
-104
-109
-82
-119
-123
-115
-107
-99
-123
-117
-71
-106
-123
-111
-74
-94
-94
-89
-108
-128
-122
-112
-93
-117
-128
-126
-72
-110
-127
-117
-86
-98
-96
-91
-92
-118
-128
-112
-77
-126
-112
-114
-75
-112
-126
-117
-93
-101
-103
-96
-73
-106
-128
-109
-78
-103
-100
-93
-81
-120
-126
-109
-100
-100
-128
-122
-72
-107
-128
-118
-74
-99
-123
-115
-102
-118
-128
-123
-86
-128
-128
-128
-128
-122
-128
-128
-99
-128
-128
-128
-128
-122
-128
-128
-98
-128
-128
-128
-128
-122
-128
-128
-98
-128
-117
-118
-128
-123
-128
-128
-100
-128
-101
-104
-116
-128
-126
-122
-110
-115
-128
-126
-75
-111
-128
-118
-82
-96
-96
-91
-101
-119
-128
-109
-82
-128
-114
-116
-73
-112
-124
-112
-101
-94
-109
-103
-71
-106
-123
-103
-81
-96
-96
-88
-103
-128
-125
-104
-110
-115
-128
-124
-68
-110
-123
-113
-79
-94
-97
-90
-98
-125
-128
-109
-89
-119
-128
-123
-70
-106
-128
-115
-79
-97
-123
-114
-92
-111
-128
-116
-72
-128
-128
-128
-127
-122
-128
-128
-97
-128
-128
-128
-128
-122
-128
-128
-97
-128
-128
-128
-128
-122
-128
-128
-96
-128
-126
-126
-128
-123
-128
-128
-99
-128
-101
-104
-128
-128
-128
-122
-107
-128
-116
-118
-75
-112
-126
-111
-101
-97
-100
-93
-85
-110
-126
-108
-84
-108
-102
-96
-100
-128
-124
-108
-109
-111
-128
-128
-72
-114
-123
-113
-81
-97
-94
-87
-99
-128
-124
-107
-91
-121
-128
-123
-79
-114
-120
-112
-94
-97
-100
-92
-90
-121
-128
-101
-84
-113
-121
-119
-71
-112
-128
-116
-90
-95
-125
-115
-73
-108
-128
-122
-71
-103
-125
-118
-110
-121
-128
-128
-89
-128
-128
-128
-128
-122
-128
-128
-96
-128
-128
-128
-128
-122
-128
-128
-96
-128
-128
-128
-118
-119
-128
-128
-96
-128
-100
-102
-120
-124
-128
-127
-96
-128
-104
-107
-105
-128
-122
-117
-108
-115
-128
-128
-87
-119
-120
-114
-87
-107
-103
-95
-100
-128
-127
-110
-91
-125
-124
-121
-84
-117
-126
-114
-101
-107
-105
-97
-90
-117
-128
-109
-86
-112
-110
-105
-88
-120
-126
-112
-104
-105
-110
-106
-89
-117
-124
-104
-91
-105
-107
-103
-98
-123
-128
-104
-107
-112
-128
-128
-75
-104
-128
-112
-71
-102
-127
-119
-84
-106
-128
-125
-72
-128
-128
-126
-120
-122
-128
-128
-95
-128
-128
-128
-128
-121
-128
-128
-95
-128
-113
-115
-106
-97
-128
-102
-106
-128
-126
-127
-93
-98
-128
-97
-93
-128
-104
-102
-109
-120
-128
-117
-95
-128
-122
-122
-100
-120
-128
-114
-108
-118
-110
-105
-98
-120
-128
-108
-101
-121
-115
-109
-107
-128
-127
-112
-107
-120
-128
-125
-102
-120
-126
-108
-103
-124
-111
-107
-111
-128
-127
-109
-108
-123
-123
-122
-114
-128
-128
-115
-114
-125
-114
-113
-112
-128
-128
-115
-113
-122
-126
-125
-92
-111
-128
-112
-104
-116
-128
-128
-73
-99
-128
-115
-72
-113
-127
-120
-97
-110
-128
-122
-72
-128
-128
-128
-128
-121
-128
-128
-93
-128
-104
-99
-120
-128
-121
-118
-92
-127
-110
-112
-99
-112
-128
-106
-107
-125
-109
-108
-103
-112
-128
-108
-105
-125
-114
-110
-112
-127
-128
-112
-111
-119
-128
-125
-108
-124
-128
-115
-109
-121
-117
-116
-115
-126
-128
-121
-110
-127
-122
-121
-121
-128
-128
-122
-114
-127
-125
-123
-121
-128
-128
-120
-115
-128
-123
-122
-123
-128
-128
-119
-117
-125
-125
-123
-121
-127
-128
-119
-115
-125
-126
-124
-121
-128
-128
-120
-115
-126
-128
-128
-71
-104
-128
-114
-86
-102
-126
-116
-72
-102
-128
-121
-67
-110
-126
-119
-112
-120
-128
-128
-90
-128
-115
-115
-128
-121
-128
-128
-96
-128
-99
-100
-118
-128
-123
-126
-99
-124
-118
-116
-111
-126
-128
-119
-105
-123
-116
-114
-119
-127
-127
-118
-110
-121
-123
-119
-115
-124
-128
-114
-112
-122
-126
-122
-118
-121
-128
-114
-110
-126
-122
-120
-123
-126
-128
-118
-112
-128
-124
-123
-124
-128
-128
-121
-115
-127
-124
-123
-123
-128
-128
-122
-115
-127
-124
-123
-122
-128
-128
-122
-115
-126
-125
-124
-123
-128
-128
-122
-115
-127
-127
-126
-97
-119
-128
-116
-107
-113
-128
-128
-72
-104
-128
-122
-65
-99
-125
-115
-96
-112
-128
-123
-68
-128
-128
-128
-128
-121
-128
-128
-95
-128
-110
-106
-128
-123
-128
-128
-92
-128
-107
-106
-119
-128
-128
-128
-93
-128
-118
-118
-119
-125
-128
-122
-107
-128
-123
-121
-118
-123
-128
-120
-111
-123
-125
-124
-121
-126
-128
-122
-112
-124
-123
-122
-124
-127
-128
-123
-113
-128
-124
-124
-125
-128
-128
-124
-113
-128
-124
-123
-126
-128
-128
-124
-115
-128
-124
-123
-125
-128
-128
-123
-116
-128
-125
-124
-123
-128
-128
-122
-115
-128
-125
-124
-123
-128
-128
-122
-115
-128
-128
-128
-70
-105
-128
-118
-79
-93
-124
-113
-84
-107
-128
-120
-63
-125
-128
-128
-128
-121
-128
-128
-95
-128
-128
-128
-128
-121
-128
-128
-94
-128
-107
-106
-128
-123
-128
-128
-93
-128
-102
-98
-121
-128
-124
-125
-102
-128
-118
-116
-115
-121
-128
-117
-111
-126
-127
-125
-115
-122
-128
-117
-115
-127
-126
-125
-120
-125
-128
-121
-115
-128
-126
-125
-123
-126
-128
-123
-114
-128
-124
-123
-124
-126
-128
-124
-114
-128
-124
-123
-124
-128
-128
-123
-115
-127
-125
-124
-125
-128
-128
-123
-113
-127
-125
-124
-125
-128
-128
-124
-114
-128
-125
-125
-73
-113
-128
-120
-94
-92
-128
-119
-71
-107
-128
-123
-62
-92
