-126
-119
-24
-123
-126
-118
-24
-123
-126
-118
-23
-123
-125
-118
-23
-123
-125
-119
-23
-123
-125
-119
-24
-123
-125
-118
-24
-123
-125
-118
-23
-123
-126
-119
-24
-123
-125
-119
-24
-123
-125
-119
-23
-123
-125
-118
-22
-123
-126
-118
-22
-123
-126
-118
-22
-123
-126
-118
-21
-123
-126
-118
-21
-123
-126
-118
-21
-123
-126
-118
-21
-123
-126
-118
-21
-123
-126
-118
-21
-123
-126
-118
-22
-123
-126
-118
-22
-123
-125
-118
-22
-123
-125
-118
-22
-123
-125
-118
-21
-123
-125
-118
-20
-123
-126
-118
-20
-123
-126
-118
-20
-123
-126
-118
-20
-123
-125
-118
-20
-123
-125
-118
-20
-123
-126
-118
-24
-123
-125
-118
-23
-123
-125
-118
-22
-123
-125
-118
-22
-123
-126
-118
-22
-123
-125
-118
-22
-123
-125
-118
-22
-123
-126
-118
-22
-123
-126
-118
-22
-123
-126
-118
-21
-123
-126
-118
-21
-123
-126
-118
-21
-123
-126
-118
-21
-123
-126
-118
-20
-123
-125
-118
-20
-123
-126
-118
-20
-123
-126
-118
-20
-123
-126
-118
-19
-123
-126
-118
-19
-123
-126
-118
-19
-123
-126
-118
-20
-123
-125
-118
-20
-123
-126
-118
-20
-123
-125
-118
-19
-123
-126
-118
-19
-123
-126
-118
-18
-123
-126
-118
-18
-123
-126
-117
-18
-123
-126
-118
-18
-123
-126
-117
-19
-123
-126
-117
-19
-123
-126
-118
-22
-123
-126
-118
-22
-123
-126
-118
-21
-123
-126
-118
-21
-123
-125
-118
-20
-123
-125
-118
-20
-123
-126
-118
-21
-123
-126
-118
-21
-123
-126
-118
-21
-123
-126
-118
-21
-123
-126
-118
-20
-123
-126
-118
-20
-123
-126
-117
-19
-123
-126
-118
-19
-123
-126
-117
-19
-123
-126
-117
-18
-123
-126
-118
-18
-123
-126
-117
-19
-123
-126
-117
-19
-123
-126
-117
-19
-123
-126
-117
-19
-123
-126
-118
-19
-123
-126
-117
-19
-123
-126
-117
-18
-123
-126
-117
-17
-123
-126
-117
-17
-123
-126
-117
-17
-123
-126
-117
-17
-123
-126
-117
-18
-123
-126
-117
-18
-123
-126
-117
-18
-123
-125
-118
-21
-123
-125
-118
-20
-123
-126
-117
-19
-123
-126
-118
-19
-123
-126
-118
-19
-123
-126
-118
-20
-123
-126
-118
-20
-123
-126
-118
-20
-123
-126
-118
-20
-123
-126
-118
-20
-123
-126
-118
-20
-123
-126
-118
-19
-123
-126
-117
-19
-123
-126
-117
-18
-123
-126
-117
-18
-123
-126
-117
-17
-123
-126
-117
-18
-123
-126
-117
-18
-123
-126
-117
-18
-123
-126
-117
-18
-123
-126
-117
-18
-123
-126
-117
-18
-123
-126
-117
-18
-123
-126
-117
-17
-123
-126
-117
-16
-123
-126
-117
-16
-123
-126
-117
-16
-123
-126
-117
-16
-123
-126
-117
-16
-123
-126
-117
-16
-123
-126
-117
-16
-123
-126
-118
-20
-123
-126
-118
-20
-123
-126
-117
-19
-123
-126
-117
-19
-123
-126
-117
-19
-123
-126
-117
-19
-123
-126
-117
-19
-123
-126
-117
-19
-123
-126
-117
-19
-123
-126
-117
-19
-123
-126
-117
-19
-123
-126
-117
-19
-123
-126
-117
-18
-123
-126
-117
-17
-123
-126
-117
-17
-123
-126
-117
-17
-123
-126
-117
-17
-123
-126
-117
-17
-123
-126
-117
-17
-123
-126
-117
-17
-123
-126
-117
-17
-123
-126
-117
-17
-123
-126
-117
-16
-123
-126
-117
-16
-123
-126
-116
-15
-123
-126
-117
-14
-123
-126
-117
-14
-123
-126
-117
-15
-123
-126
-117
-15
-123
-126
-117
-15
-123
-126
-117
-15
-123
-126
-117
-19
-123
-126
-118
-19
-123
-126
-117
-19
-123
-126
-117
-18
-123
-126
-117
-18
-123
-126
-117
-18
-123
-126
-117
-19
-123
-125
-118
-19
-121
-126
-113
-19
-119
-126
-117
-19
-122
-126
-117
-19
-123
-126
-117
-18
-123
-125
-117
-17
-123
-126
-117
-17
-123
-126
-117
-17
-123
-126
-117
-17
-123
-126
-117
-17
-123
-126
-117
-16
-123
-126
-117
-16
-123
-126
-117
-16
-123
-126
-117
-16
-123
-126
-117
-16
-123
-126
-117
-16
-123
-126
-116
-15
-123
-125
-117
-14
-123
-126
-116
-13
-123
-126
-116
-13
-123
-126
-117
-14
-123
-126
-116
-14
-123
-126
-116
-14
-123
-126
-117
-14
-123
-126
-117
-19
-123
-126
-117
-19
-123
-126
-117
-18
-123
-126
-117
-17
-123
-126
-117
-17
-123
-126
-117
-18
-123
-125
-120
-19
-122
-128
-117
-36
-117
-128
-104
-32
-109
-126
-103
-19
-107
-126
-117
-18
-123
-125
-119
-18
-122
-127
-110
-22
-111
-126
-103
-17
-110
-126
-116
-16
-123
-126
-117
-16
-123
-126
-117
-16
-123
-126
-117
-16
-123
-126
-117
-16
-123
-126
-117
-16
-123
-125
-117
-15
-123
-126
-117
-14
-123
-126
-117
-14
-123
-126
-116
-13
-122
-126
-116
-13
-123
-126
-116
-12
-123
-126
-116
-12
-123
-126
-117
-13
-123
-126
-116
-13
-123
-126
-116
-12
-123
-126
-116
-12
-123
-126
-117
-19
-123
-126
-117
-18
-123
-126
-117
-18
-123
-126
-117
-18
-123
-126
-117
-17
-123
-126
-117
-18
-123
-128
-128
-34
-128
-125
-128
-84
-122
-118
-117
-64
-109
-121
-99
-22
-103
-126
-116
-17
-121
-128
-128
-40
-128
-125
-119
-64
-114
-118
-100
-28
-103
-126
-108
-16
-112
-126
-117
-16
-123
-125
-117
-15
-122
-126
-114
-16
-120
-126
-116
-15
-122
-125
-116
-14
-123
-125
-116
-13
-123
-126
-116
-13
-123
-126
-116
-13
-123
-126
-116
-12
-123
-126
-116
-12
-123
-126
-116
-11
-123
-126
-116
-11
-123
-126
-116
-11
-123
-126
-116
-11
-123
-126
-116
-10
-123
-126
-116
-10
-123
-126
-117
-18
-123
-126
-117
-17
-123
-125
-120
-19
-122
-128
-113
-27
-114
-128
-102
-20
-108
-126
-112
-18
-118
-128
-127
-41
-128
-122
-128
-95
-122
-124
-128
-91
-118
-117
-98
-41
-101
-128
-104
-21
-108
-122
-128
-61
-128
-122
-128
-95
-119
-118
-105
-52
-104
-127
-98
-17
-102
-125
-117
-15
-123
-125
-122
-20
-120
-128
-106
-31
-111
-128
-99
-16
-105
-126
-114
-13
-121
-126
-116
-13
-123
-126
-116
-12
-123
-126
-116
-12
-123
-126
-116
-12
-123
-126
-116
-11
-123
-126
-116
-11
-123
-126
-116
-10
-123
-126
-116
-10
-123
-126
-116
-10
-123
-126
-116
-10
-123
-126
-116
-10
-123
-126
-117
-17
-123
-126
-117
-17
-123
-128
-128
-38
-128
-126
-128
-79
-120
-118
-99
-46
-105
-127
-98
-18
-101
-127
-119
-21
-126
-122
-128
-83
-124
-124
-128
-101
-122
-115
-108
-59
-105
-126
-97
-21
-100
-124
-127
-40
-128
-120
-128
-95
-121
-120
-124
-79
-113
-116
-97
-28
-101
-128
-107
-15
-113
-123
-128
-62
-128
-123
-126
-80
-114
-120
-97
-35
-103
-126
-100
-13
-104
-126
-116
-12
-123
-126
-116
-11
-123
-126
-116
-11
-123
-126
-116
-10
-123
-126
-116
-10
-123
-126
-116
-10
-123
-126
-116
-10
-123
-126
-116
-9
-123
-126
-116
-8
-123
-126
-115
-8
-123
-126
-116
-8
-123
-126
-117
-16
-123
-126
-117
-17
-123
-126
-128
-55
-128
-123
-128
-99
-122
-118
-124
-74
-111
-117
-97
-27
-100
-128
-109
-19
-115
-122
-128
-71
-128
-124
-128
-103
-122
-119
-126
-82
-114
-114
-97
-28
-100
-128
-111
-20
-118
-121
-128
-77
-124
-124
-128
-96
-120
-116
-102
-51
-103
-127
-98
-22
-101
-122
-128
-52
-128
-119
-128
-101
-121
-117
-117
-66
-107
-120
-97
-19
-101
-126
-111
-11
-118
-126
-116
-10
-123
-126
-116
-10
-123
-126
-115
-9
-123
-126
-116
-9
-123
-126
-115
-8
-123
-126
-116
-8
-123
-126
-115
-8
-123
-126
-115
-7
-123
-126
-115
-7
-123
-126
-115
-7
-123
-126
-117
-15
-123
-126
-117
-15
-123
-126
-127
-38
-128
-121
-128
-93
-123
-124
-128
-99
-122
-116
-100
-54
-102
-128
-98
-26
-100
-122
-128
-58
-128
-120
-128
-100
-121
-122
-128
-92
-121
-115
-99
-47
-103
-128
-98
-22
-101
-119
-128
-59
-128
-121
-128
-95
-121
-118
-126
-74
-113
-117
-97
-26
-101
-128
-111
-28
-120
-120
-128
-85
-121
-123
-128
-93
-120
-117
-97
-42
-101
-126
-100
-10
-103
-126
-115
-9
-123
-126
-115
-8
-123
-126
-115
-8
-123
-126
-115
-7
-123
-126
-115
-7
-123
-126
-115
-7
-123
-126
-115
-6
-123
-126
-115
-6
-123
-126
-115
-5
-123
-126
-115
-5
-123
-126
-116
-14
-123
-126
-116
-14
-123
-128
-118
-20
-126
-122
-128
-79
-124
-124
-128
-102
-123
-115
-119
-71
-109
-118
-97
-22
-99
-124
-119
-30
-128
-118
-128
-85
-121
-124
-128
-91
-120
-116
-121
-63
-111
-120
-97
-22
-101
-123
-122
-36
-128
-119
-128
-88
-121
-125
-128
-92
-122
-116
-100
-50
-102
-128
-94
-26
-99
-119
-128
-62
-128
-122
-128
-93
-121
-115
-114
-57
-107
-122
-97
-13
-101
-126
-114
-8
-121
-126
-115
-7
-123
-126
-115
-7
-123
-126
-115
-6
-123
-126
-115
-6
-123
-126
-115
-6
-123
-126
-115
-5
-123
-126
-115
-4
-123
-126
-115
-4
-123
-126
-114
-3
-123
-126
-116
-13
-123
-126
-116
-13
-123
-126
-117
-13
-123
-120
-128
-60
-128
-122
-128
-97
-122
-120
-128
-88
-120
-114
-97
-38
-101
-128
-102
-20
-106
-120
-128
-64
-128
-124
-128
-94
-121
-124
-128
-89
-121
-115
-96
-37
-99
-128
-103
-22
-107
-121
-128
-73
-123
-125
-128
-95
-121
-117
-124
-74
-112
-116
-95
-31
-99
-121
-127
-48
-128
-120
-128
-92
-121
-123
-127
-81
-117
-118
-97
-31
-101
-126
-102
-8
-107
-126
-115
-6
-123
-126
-115
-6
-123
-126
-115
-4
-123
-126
-115
-4
-123
-126
-115
-4
-123
-126
-114
-3
-123
-126
-114
-2
-123
-126
-114
-1
-123
-126
-114
-1
-123
-125
-116
-11
-123
-126
-116
-11
-123
-126
-116
-11
-123
-122
-125
-35
-128
-118
-128
-86
-121
-124
-128
-89
-122
-117
-113
-55
-108
-123
-97
-27
-101
-122
-128
-54
-128
-122
-128
-100
-121
-125
-128
-97
-121
-113
-104
-54
-103
-126
-93
-29
-97
-120
-128
-62
-128
-125
-128
-99
-119
-124
-128
-98
-122
-116
-94
-46
-98
-128
-103
-42
-106
-122
-128
-85
-121
-125
-128
-94
-122
-115
-105
-52
-104
-125
-96
-9
-99
-126
-115
-5
-123
-126
-114
-3
-123
-126
-114
-2
-123
-126
-114
-2
-123
-126
-114
-1
-123
-126
-114
-1
-123
-126
-114
0
-123
-126
-114
1
-123
-126
-114
1
-123
-126
-116
-10
-123
-126
-116
-10
-123
-126
-116
-10
-123
-127
-117
-12
-124
-122
-128
-68
-125
-125
-128
-92
-122
-122
-128
-83
-119
-116
-94
-33
-100
-126
-116
-45
-121
-122
-128
-97
-123
-123
-128
-99
-120
-117
-127
-78
-114
-113
-95
-31
-101
-122
-128
-59
-128
-121
-128
-100
-120
-123
-128
-94
-122
-113
-117
-63
-108
-121
-98
-48
-103
-121
-128
-76
-122
-123
-128
-96
-121
-117
-123
-72
-113
-115
-97
-17
-101
-126
-110
-3
-118
-126
-114
-2
-123
-126
-114
-1
-123
-126
-114
0
-123
-126
-114
1
-123
-126
-113
2
-123
-126
-113
2
-123
-126
-113
3
-123
-126
-113
3
-123
-126
-116
-8
-123
-126
-116
-8
-123
-126
-116
-8
-123
-126
-116
-9
-124
-122
-128
-58
-128
-124
-128
-96
-122
-125
-128
-95
-123
-113
-105
-52
-103
-128
-97
-46
-103
-118
-128
-78
-125
-122
-128
-95
-119
-123
-128
-85
-120
-115
-103
-46
-104
-127
-99
-56
-111
-116
-128
-83
-120
-124
-128
-89
-120
-121
-128
-83
-120
-114
-97
-52
-106
-116
-128
-58
-128
-119
-128
-92
-120
-123
-128
-84
-121
-115
-96
-35
-101
-126
-96
-3
-102
-126
-114
-1
-123
-126
-114
1
-123
-126
-113
2
-123
-126
-113
3
-123
-126
-113
4
-123
-126
-113
4
-123
-126
-113
4
-123
-126
-113
5
-123
-126
-115
-7
-123
-126
-115
-7
-123
-126
-115
-7
-123
-126
-115
-7
-123
-123
-128
-42
-128
-120
-128
-94
-122
-123
-128
-92
-122
-119
-127
-77
-116
-116
-103
-50
-105
-117
-120
-57
-126
-116
-128
-94
-119
-124
-127
-84
-119
-121
-128
-72
-117
-115
-97
-50
-107
-116
-128
-59
-128
-119
-128
-90
-119
-125
-128
-87
-121
-114
-102
-48
-104
-126
-99
-50
-105
-117
-128
-81
-120
-125
-128
-86
-119
-117
-118
-55
-108
-119
-94
-9
-101
-126
-105
2
-114
-126
-113
3
-123
-126
-113
4
-123
-126
-113
5
-123
-126
-113
5
-123
-126
-113
6
-123
-126
-113
6
-123
-126
-113
6
-123
-126
-115
-6
-123
-126
-115
-5
-123
-126
-114
-5
-123
-126
-114
-5
-123
-128
-117
-12
-127
-115
-128
-67
-125
-123
-128
-86
-120
-123
-127
-79
-121
-116
-118
-51
-110
-121
-103
-48
-110
-118
-128
-68
-125
-124
-127
-88
-119
-126
-127
-84
-120
-114
-107
-49
-107
-128
-101
-56
-109
-117
-128
-87
-118
-124
-127
-88
-120
-118
-127
-70
-115
-121
-110
-53
-105
-122
-128
-79
-128
-119
-128
-86
-123
-121
-128
-81
-122
-117
-101
-36
-103
-127
-97
0
-101
-126
-109
4
-119
-126
-113
6
-123
-126
-112
7
-123
-126
-113
7
-123
-126
-113
8
-123
-126
-112
8
-123
-126
-112
9
-123
-125
-115
-5
-123
-125
-119
-8
-118
-128
-110
-19
-112
-128
-106
-13
-110
-128
-104
-8
-108
-117
-117
-37
-128
-117
-127
-83
-120
-125
-126
-79
-119
-125
-126
-75
-121
-118
-108
-55
-113
-123
-108
-64
-118
-119
-128
-93
-120
-123
-126
-84
-119
-121
-128
-73
-118
-118
-114
-52
-108
-120
-128
-75
-126
-120
-128
-83
-122
-124
-128
-82
-123
-124
-128
-80
-122
-123
-128
-77
-122
-122
-128
-76
-123
-124
-128
-76
-123
-122
-126
-65
-117
-121
-96
-24
-103
-128
-94
3
-103
-126
-110
8
-121
-126
-112
9
-123
-126
-112
9
-123
-126
-112
9
-123
-126
-112
10
-123
-126
-112
11
-123
-126
-116
-5
-123
-125
-126
-59
-124
-127
-123
-76
-116
-126
-120
-56
-113
-123
-108
-30
-111
-126
-102
-27
-110
-117
-128
-59
-128
-121
-127
-85
-119
-125
-126
-78
-119
-123
-127
-71
-118
-119
-114
-59
-113
-119
-128
-70
-126
-119
-128
-81
-121
-124
-128
-79
-122
-124
-127
-76
-121
-123
-128
-74
-122
-124
-127
-74
-123
-124
-128
-77
-124
-125
-128
-81
-122
-125
-128
-78
-121
-125
-128
-77
-122
-125
-128
-75
-123
-125
-128
-74
-123
-121
-125
-61
-115
-118
-93
-14
-102
-126
-96
9
-105
-126
-112
11
-123
-126
-112
11
-123
-126
-112
12
-123
-126
-112
12
-123
-126
-112
12
-123
-126
-115
-3
-123
-115
-128
-42
-128
-111
-124
-88
-114
-123
-125
-79
-117
-126
-125
-74
-120
-121
-113
-46
-111
-128
-113
-58
-118
-118
-128
-83
-120
-125
-127
-86
-119
-123
-126
-76
-119
-122
-126
-69
-120
-124
-125
-67
-122
-124
-126
-67
-123
-123
-128
-74
-124
-124
-127
-77
-121
-125
-127
-76
-122
-125
-127
-74
-122
-125
-128
-76
-123
-124
-128
-83
-124
-124
-128
-82
-122
-125
-127
-79
-121
-125
-127
-76
-122
-125
-128
-73
-123
-125
-128
-73
-123
-117
-112
-40
-107
-121
-91
6
-100
-126
-108
13
-120
-126
-111
13
-123
-126
-111
14
-123
-126
-111
14
-123
-126
-111
14
-123
-126
-114
0
-123
-126
-115
-1
-123
-112
-123
-27
-128
-116
-128
-78
-121
-124
-127
-81
-120
-124
-125
-74
-119
-121
-116
-58
-116
-122
-128
-75
-128
-120
-128
-92
-119
-124
-124
-78
-117
-126
-126
-72
-120
-125
-126
-68
-122
-125
-125
-66
-122
-125
-127
-69
-124
-124
-128
-74
-124
-124
-128
-78
-123
-125
-128
-78
-122
-126
-128
-79
-123
-125
-128
-82
-123
-124
-128
-82
-124
-123
-128
-79
-122
-124
-128
-75
-122
-125
-128
-74
-122
-125
-127
-72
-123
-123
-127
-69
-121
-115
-90
-17
-98
-127
-94
14
-102
-126
-111
14
-123
-126
-111
15
-123
-126
-111
15
-123
-126
-111
15
-123
-126
-114
2
-123
-126
-114
1
-123
-126
-114
1
-123
-117
-128
-42
-128
-118
-127
-88
-118
-124
-126
-78
-119
-123
-124
-66
-119
-126
-126
-70
-123
-120
-128
-84
-128
-119
-126
-87
-117
-126
-127
-79
-119
-126
-125
-76
-119
-127
-124
-73
-118
-126
-124
-73
-118
-126
-127
-75
-122
-125
-127
-75
-122
-125
-128
-76
-123
-123
-128
-79
-124
-123
-128
-77
-122
-123
-128
-76
-123
-124
-128
-75
-123
-124
-128
-75
-123
-125
-128
-74
-123
-125
-127
-71
-122
-125
-128
-71
-123
-115
-111
-38
-107
-122
-90
9
-99
-126
-109
15
-121
-126
-111
16
-123
-126
-111
16
-123
-126
-111
17
-123
-126
-113
3
-123
-126
-113
3
-123
-126
-113
4
-123
-128
-115
-4
-128
-113
-128
-64
-123
-120
-125
-83
-117
-125
-125
-72
-119
-125
-125
-69
-120
-125
-126
-68
-123
-122
-128
-73
-127
-116
-128
-83
-126
-118
-128
-76
-123
-119
-128
-69
-123
-120
-128
-69
-124
-123
-128
-72
-125
-122
-128
-74
-123
-124
-127
-74
-123
-124
-128
-74
-123
-125
-128
-75
-123
-125
-128
-76
-123
-125
-128
-75
-122
-125
-128
-75
-123
-125
-128
-74
-123
-124
-127
-72
-122
-125
-127
-71
-123
-123
-126
-66
-120
-115
-90
-12
-98
-126
-96
16
-105
-126
-110
17
-123
-126
-110
18
-123
-126
-110
18
-123
-126
-113
4
-123
-126
-113
4
-123
-126
-113
5
-123
-126
-113
5
-123
-119
-117
-12
-128
-111
-128
-64
-124
-119
-125
-79
-118
-125
-125
-71
-120
-125
-125
-66
-121
-125
-124
-64
-120
-124
-126
-64
-123
-124
-126
-67
-122
-124
-126
-66
-122
-125
-126
-65
-123
-125
-126
-66
-123
-125
-127
-66
-123
-124
-128
-68
-124
-124
-128
-69
-124
-124
-128
-72
-124
-124
-128
-72
-123
-124
-128
-74
-124
-124
-128
-74
-123
-125
-128
-73
-123
-124
-127
-71
-122
-125
-127
-70
-123
-125
-128
-71
-123
-114
-101
-30
-104
-125
-90
16
-98
-126
-110
20
-123
-126
-110
20
-123
-126
-110
20
-123
-126
-113
5
-123
-126
-113
6
-123
-126
-113
6
-123
-126
-113
7
-123
-126
-113
7
-123
-121
-115
-4
-128
-113
-128
-56
-125
-119
-125
-77
-119
-125
-127
-71
-121
-125
-124
-67
-121
-126
-125
-66
-121
-125
-127
-68
-122
-125
-126
-67
-123
-125
-127
-67
-123
-125
-126
-66
-123
-125
-126
-66
-123
-125
-126
-66
-123
-125
-127
-66
-123
-125
-128
-69
-124
-125
-128
-72
-123
-125
-128
-73
-123
-125
-128
-73
-123
-125
-128
-72
-123
-125
-127
-72
-123
-125
-127
-71
-123
-125
-127
-70
-123
-118
-119
-52
-113
-115
-91
7
-99
-126
-107
22
-119
-126
-110
22
-123
-126
-110
22
-123
-126
-113
7
-123
-126
-113
8
-123
-126
-113
8
-123
-126
-112
8
-123
-126
-112
8
-123
-126
-113
8
-123
-120
-115
-5
-128
-115
-128
-57
-123
-125
-127
-79
-119
-126
-127
-76
-120
-126
-126
-73
-120
-125
-126
-70
-121
-125
-126
-68
-122
-125
-126
-67
-122
-125
-127
-67
-123
-125
-126
-66
-123
-125
-126
-65
-123
-125
-126
-65
-123
-125
-127
-66
-124
-125
-128
-70
-124
-125
-128
-72
-124
-124
-128
-72
-123
-124
-127
-70
-123
-124
-128
-70
-123
-124
-127
-69
-123
-125
-127
-69
-123
-123
-125
-67
-121
-114
-90
-8
-98
-126
-97
23
-107
-127
-109
23
-123
-126
-109
24
-123
-126
-112
9
-123
-126
-112
9
-123
-126
-112
9
-123
-126
-112
9
-123
-126
-112
10
-123
-126
-112
10
-123
-126
-112
10
-123
-119
-121
-20
-128
-115
-128
-83
-119
-126
-127
-88
-119
-126
-126
-81
-118
-126
-126
-75
-120
-126
-126
-71
-121
-126
-126
-69
-122
-125
-126
-68
-122
-125
-126
-67
-122
-125
-126
-66
-123
-125
-126
-65
-122
-125
-126
-65
-122
-125
-127
-67
-123
-124
-128
-69
-124
-124
-127
-68
-123
-124
-127
-66
-123
-124
-127
-67
-124
-125
-127
-68
-123
-125
-127
-68
-123
-124
-127
-68
-123
-115
-95
-19
-102
-127
-91
23
-98
-126
-109
24
-123
-126
-109
26
-122
-126
-112
10
-123
-126
-112
11
-123
-126
-112
10
-123
-126
-112
11
-123
-126
-112
12
-123
-126
-112
12
-123
-126
-112
12
-123
-126
-111
13
-123
-113
-125
-21
-128
-113
-128
-84
-122
-123
-127
-94
-118
-126
-126
-85
-118
-126
-127
-79
-119
-126
-126
-75
-121
-126
-126
-72
-121
-126
-126
-70
-121
-125
-127
-69
-122
-126
-127
-68
-122
-126
-126
-68
-122
-126
-126
-68
-122
-125
-126
-68
-122
-124
-126
-65
-122
-125
-126
-64
-123
-125
-126
-64
-123
-125
-127
-65
-124
-125
-127
-67
-124
-125
-128
-69
-124
-115
-105
-33
-105
-122
-90
20
-97
-126
-109
26
-123
-126
-109
27
-123
-126
-112
11
-123
-126
-111
11
-122
-126
-111
12
-123
-126
-111
13
-123
-126
-111
14
-123
-126
-111
14
-123
-126
-111
14
-123
-126
-111
15
-123
-126
-111
15
-123
-114
-121
-18
-128
-114
-128
-94
-120
-124
-128
-99
-118
-126
-128
-91
-119
-125
-128
-85
-120
-125
-128
-80
-121
-125
-127
-76
-121
-126
-127
-74
-122
-125
-127
-74
-122
-125
-128
-74
-123
-125
-127
-72
-122
-125
-125
-68
-121
-125
-126
-65
-122
-125
-125
-64
-122
-125
-126
-63
-123
-125
-126
-64
-124
-125
-127
-65
-124
-125
-128
-69
-124
-118
-116
-49
-112
-116
-91
14
-98
-126
-108
29
-122
-126
-108
29
-123
