69
-108
39
-112
29
-66
66
-32
-24
127
11
-13
-30
-67
12
-102
-11
23
68
122
84
106
110
69
-58
-7
84
-79
-127
126
16
23
55
42
127
127
-84
4
-72
44
-5
30
15
-3
53
52
1
-96
1
21
84
-26
47
51
46
93
52
-23
21
-25
19
-1
-28
-62
-9
15
63
37
68
120
64
106
-40
-41
55
-16
-26
31
10
-56
22
33
117
31
-32
-11
-53
-60
28
97
15
-8
10
-29
-26
21
90
88
108
4
-44
-34
30
-53
-57
-45
19
-28
-53
-8
-33
59
-55
-108
27
113
20
26
83
-34
10
49
24
83
-6
-50
17
38
12
101
127
103
127
127
29
-126
63
67
30
-4
65
56
-3
66
74
102
107
29
58
67
7
-127
-95
-83
34
-26
-24
-41
-11
40
-59
-82
8
44
-48
-65
80
-72
-51
-31
38
13
-48
-36
11
54
-2
5
50
-27
-16
35
127
-12
-55
-2
-8
-34
-12
-66
-2
-45
-10
59
-30
-35
63
106
-10
118
-86
-39
53
109
14
-15
22
-35
77
-59
39
82
41
82
32
58
-31
-127
72
60
4
-9
5
42
30
-57
-4
127
-36
-21
49
-32
-16
57
30
-77
36
6
-3
36
-24
13
30
-80
127
96
19
79
4
5
33
27
-78
-50
36
-36
71
35
41
6
28
81
42
84
-26
-69
-3
78
-47
-46
44
4
46
44
13
68
-18
-29
35
-25
29
67
-1
-88
15
38
-9
-15
-41
60
59
-117
120
-9
29
69
93
34
18
-7
-48
32
-34
-55
97
45
44
-31
-105
-18
19
123
11
10
-7
-6
-11
51
-6
5
50
32
30
58
-37
-26
96
39
7
-50
75
32
37
-38
19
-73
-46
-1
-24
-20
-1
-10
-84
-17
63
52
-22
0
-39
7
-30
28
8
-36
-77
-28
-28
31
-19
-13
-43
25
26
-17
38
-9
43
1
8
-14
-2
-16
-50
-34
-127
51
25
-27
8
-48
-28
-17
-56
39
-2
31
-30
-127
34
14
48
-68
-3
11
9
-69
-24
15
54
-61
-33
6
-8
2
23
57
-121
-84
3
-37
-68
-86
-46
13
-11
25
-3
-9
-25
-113
-29
-15
5
74
-23
-17
41
106
-8
-102
41
-53
-8
1
16
-35
45
-43
-68
0
110
-49
18
48
10
4
7
21
7
-90
-76
11
-15
48
69
2
-42
21
15
76
-42
-2
36
5
-9
-7
19
-17
-50
-15
-83
57
28
-41
98
39
-10
5
-54
48
-51
-4
-30
-7
-3
6
82
45
6
-21
84
14
-4
32
44
-49
34
-3
-3
8
-19
34
-60
-6
55
-45
-12
-61
-33
17
-6
19
7
-8
-20
-37
-53
-19
-22
57
-70
-5
90
81
3
-127
62
6
41
-11
35
-33
21
-39
-13
32
124
-87
35
93
-41
-8
-34
-29
-78
-83
-9
-11
-22
39
88
13
-81
5
81
14
29
14
44
23
60
-1
-18
-18
44
-24
-62
-3
127
-20
115
84
1
-9
-8
-22
-56
-13
-38
-36
-30
-40
69
54
-27
-38
64
78
29
28
34
-36
64
8
-36
9
-17
-2
-14
-13
92
-26
112
-8
8
14
18
-31
-31
-7
-67
-6
-108
-44
-37
-8
-43
-100
14
16
59
-42
59
46
29
-76
5
-21
-43
-75
-57
82
94
-11
-30
25
-9
78
-36
26
-29
74
-93
-39
-88
-109
-2
24
-47
-10
30
19
44
4
34
4
2
-14
-5
-32
-78
-30
-41
50
89
41
42
-4
-2
-97
-45
-9
-30
6
-127
15
-63
-122
34
2
-42
-25
68
57
67
14
8
-22
24
-6
-19
2
-56
-52
-54
-7
36
-88
116
14
23
-46
-44
-20
28
-11
-71
16
-81
3
27
1
-42
37
10
-3
27
54
66
15
15
-39
-5
3
-29
-70
-35
73
16
-100
-36
-28
-25
-63
-24
18
-27
40
-53
-69
-119
-76
-3
28
-49
70
3
39
34
-65
56
-7
28
-88
-22
-21
-42
-14
-38
58
-8
-98
-34
-68
-12
-103
-6
11
-28
-17
8
63
-108
-127
50
66
-35
-94
36
50
18
-119
3
14
-14
-110
12
-37
-54
46
-36
-39
-35
61
69
-73
-22
-60
-32
25
40
-63
-63
-13
-103
12
-27
-32
-111
59
39
-7
-76
-75
61
73
39
-88
13
-34
-106
-22
-42
33
-26
-81
-59
-111
-45
-1
0
22
-67
54
-5
3
-116
-123
14
69
-127
24
-13
39
-37
-46
39
-49
14
-40
-25
-44
-48
-116
-53
-3
-20
79
-38
-52
-33
9
-54
-20
-29
6
-19
-18
-109
-62
10
50
-77
67
29
13
33
-60
58
74
39
-18
27
-11
-100
40
-74
-25
-7
-43
0
-127
20
6
18
24
41
-40
36
33
-45
61
-1
0
-1
-50
72
0
24
-29
-29
0
-5
19
-24
0
18
5
-3
0
17
-7
-7
0
61
-92
33
0
0
-30
11
0
-50
66
-26
0
-21
-75
68
0
27
5
-2
0
-11
44
-47
0
16
32
-50
0
-20
8
6
0
32
-127
45
0
14
-57
30
0
-64
83
-29
0
-47
-44
91
0
48
-7
-50
0
-19
76
-48
0
10
73
-88
0
-12
3
-3
0
41
-89
36
0
4
-68
46
0
-85
78
-63
0
-64
-51
97
0
50
-10
-61
0
-29
22
-30
0
13
88
-89
0
3
-13
8
0
20
-52
8
0
9
-58
50
0
-58
74
-37
0
-56
-40
92
0
41
-10
-34
0
-5
5
-13
0
5
60
-72
0
-2
-20
-2
0
40
-29
13
0
27
-49
20
0
-91
118
-52
0
-41
-8
37
0
62
-5
-47
0
29
-8
27
0
27
36
-58
0
-6
-5
-15
0
47
3
-59
0
10
-43
-29
0
-68
42
1
0
-39
-23
28
0
32
1
5
0
-22
26
-19
0
20
7
17
0
7
10
8
0
25
-68
33
0
21
-3
-26
0
-66
8
16
0
-30
-14
62
0
10
-1
-7
0
-27
46
-9
0
-6
40
-34
0
-4
-12
16
0
32
-76
32
0
8
-22
0
0
-65
0
64
0
-50
-25
54
0
34
0
-21
0
-38
61
-15
0
10
64
-50
0
-10
1
0
0
33
-56
7
0
11
-20
24
0
-91
0
70
0
-40
-20
76
0
35
0
-26
0
-48
43
-5
0
3
87
-60
0
4
18
-19
0
25
-24
14
0
27
-6
10
0
-76
12
41
0
-48
-28
54
0
17
-15
-24
0
-17
36
13
0
0
75
-64
0
16
12
-19
0
18
-41
4
0
-3
-12
-4
0
-95
46
11
0
-42
-11
24
0
45
-17
-25
0
-9
-3
10
0
2
41
-50
0
15
-20
-16
0
32
-21
-38
0
11
-20
-19
0
-48
30
4
0
-35
-8
31
0
9
0
-1
0
-11
24
11
0
13
-2
6
0
0
8
18
0
48
-80
21
0
9
-2
-17
0
-51
22
6
0
-27
2
45
0
-1
-11
-9
0
-18
44
2
0
6
33
-41
0
-3
-4
1
0
11
-85
18
0
14
-13
-14
0
-59
32
53
0
-46
13
57
0
13
-6
-13
0
-36
30
-2
0
-18
81
-55
0
6
7
-20
0
30
-72
22
0
12
-27
7
0
-65
10
33
0
-54
8
52
0
15
-12
-21
0
-47
10
32
0
-15
103
-51
0
3
2
-16
0
45
-74
13
0
-2
-15
-6
0
-75
40
9
0
-37
21
48
0
8
7
13
0
-22
-9
28
0
-33
60
-55
0
-17
19
10
0
19
-61
19
0
6
-3
-17
0
-75
62
14
0
-41
21
29
0
36
-38
-33
0
0
-26
39
0
-15
46
-39
0
-12
3
-17
0
50
-44
-2
0
34
-11
-34
0
-40
36
20
0
-30
18
18
0
20
-13
5
0
-1
9
-16
0
9
0
11
0
-9
-8
11
0
47
-87
-2
0
8
16
-37
0
-60
30
22
0
-43
17
15
0
16
-18
24
0
-3
15
-10
0
-12
32
-32
0
17
-2
-8
0
30
-97
30
0
1
-6
-8
0
-59
25
29
0
-48
12
21
0
0
-24
0
0
4
6
-14
0
-9
61
-26
0
-16
8
9
0
20
-94
3
0
0
-18
-10
0
-64
25
26
0
-47
5
21
0
13
-30
-11
0
-2
-20
-1
0
-24
69
-40
0
7
-7
-13
0
38
-80
17
0
12
-3
-12
0
-65
64
16
0
-31
25
21
0
2
-43
4
0
-9
-39
-1
0
-33
36
-32
0
20
5
-18
0
21
-90
17
0
9
-2
-17
0
-84
33
20
0
-41
9
10
0
20
-54
-22
0
-10
-35
3
0
-2
33
-17
0
14
12
3
0
45
-67
7
0
17
11
-44
0
-27
37
17
0
-8
-9
4
0
11
-30
37
0
5
31
-31
0
-10
-11
8
0
19
-4
-7
0
54
-77
6
0
-5
2
-19
0
-55
28
-2
0
-23
-11
2
0
6
-22
22
0
23
18
-39
0
2
12
-9
0
-12
-3
-14
0
39
-67
22
0
3
8
-10
0
-63
32
8
0
-30
-3
16
0
11
-38
15
0
16
-1
-37
0
1
61
-1
0
3
-6
17
0
44
-89
18
0
11
5
11
0
-66
40
18
0
-33
0
25
0
36
-24
30
0
21
-2
-21
0
-24
24
-33
0
-21
-13
2
0
40
-68
-6
0
-20
0
-12
0
-56
57
-8
0
-34
-1
13
0
10
-32
31
0
23
-22
-18
0
-29
41
-8
0
-4
12
19
0
31
-61
11
0
22
2
-13
0
-74
35
10
0
-29
20
16
0
26
-45
5
0
27
-12
-10
0
5
11
-31
0
-11
-12
18
0
33
-97
-13
0
18
12
-39
0
-12
6
1
0
-11
-15
-7
0
-12
-52
22
0
37
48
-88
0
-2
-17
29
0
2
-18
13
0
58
-79
5
0
-12
34
-5
0
-24
39
-9
0
-11
-5
18
0
16
-35
30
0
27
46
-53
0
-22
21
-11
0
11
7
-21
0
64
-82
10
0
-23
-2
2
0
-23
22
2
0
-19
4
15
0
7
-36
18
0
19
42
-64
0
4
39
-9
0
-20
-6
-7
0
51
-62
-13
0
-17
9
9
0
-23
46
24
0
-27
-1
14
0
15
-45
25
0
18
27
-40
0
-19
30
-21
0
10
-15
14
0
39
-72
-4
0
-23
-10
-2
0
-41
44
2
0
-28
14
6
0
3
-61
28
0
17
19
-39
0
6
7
-13
0
-9
-13
-8
0
24
-64
7
0
-18
0
-2
0
-21
8
21
0
-25
16
5
0
23
-52
17
0
17
-7
-40
0
30
12
-9
0
5
17
10
0
11
-81
32
0
6
27
-29
0
