15
15
15
15
15
15
15
15
15
15
15
15
15
15
15
15
15
15
15
15
15
15
15
15
16
17
17
17
17
17
17
17
18
18
18
18
18
18
18
17
17
17
17
17
17
17
17
17
17
17
17
17
17
18
18
18
17
17
17
17
17
17
17
18
15
15
15
16
16
16
16
16
16
16
16
16
16
15
16
16
15
16
15
15
15
15
16
16
17
17
17
17
17
18
18
18
18
18
18
18
18
18
18
17
17
17
17
17
17
17
17
17
17
17
18
18
19
19
19
19
19
19
18
18
17
18
18
18
16
16
16
16
16
16
16
17
17
17
17
16
16
16
16
17
17
17
17
17
17
17
17
17
17
18
18
18
18
18
18
18
18
18
18
19
19
19
19
18
18
18
18
18
17
18
18
17
18
18
19
19
19
19
19
19
19
19
19
19
19
19
19
19
16
16
16
16
17
17
17
18
18
17
17
17
17
17
17
17
17
17
17
18
18
18
18
18
18
18
18
18
18
18
19
19
19
19
19
19
19
19
19
19
19
19
19
19
19
19
19
19
19
19
19
19
20
20
20
20
20
20
20
20
20
20
20
20
16
17
16
16
17
18
18
18
18
17
17
17
18
18
18
18
18
18
18
18
18
18
18
18
19
19
19
19
19
19
19
19
19
19
19
19
20
20
20
20
20
19
19
19
19
19
19
19
19
20
20
20
20
20
20
20
20
20
20
20
20
20
20
20
17
16
17
17
17
18
18
18
18
18
18
19
18
18
18
18
18
18
18
18
18
18
18
19
19
19
19
19
20
19
20
20
20
20
20
20
20
20
20
20
20
20
20
19
19
19
20
20
20
20
20
21
21
21
21
21
20
21
20
20
20
20
20
20
18
17
17
17
18
18
19
19
19
19
19
19
19
18
18
18
18
18
19
19
19
19
19
19
19
19
20
20
20
20
20
20
20
20
20
20
20
20
20
20
20
20
20
20
20
20
20
20
20
20
21
21
21
21
21
21
21
21
21
21
21
21
21
21
18
18
17
17
18
19
19
19
19
19
19
19
19
19
19
19
19
19
19
19
19
19
19
19
19
19
20
20
20
20
20
20
21
21
20
20
20
20
20
20
20
20
20
20
20
20
20
20
21
21
21
21
21
21
21
22
21
21
21
21
21
21
21
21
18
18
18
19
19
19
19
20
20
20
19
19
19
19
19
19
19
19
19
19
19
19
19
19
20
20
20
20
20
20
21
21
21
21
21
21
21
21
21
20
21
20
21
21
20
21
21
21
21
21
22
22
22
22
22
22
22
22
22
22
22
22
22
22
19
19
19
19
19
19
20
20
20
20
20
19
20
20
20
20
19
19
20
20
20
20
20
20
20
20
20
21
21
21
21
21
21
21
21
21
21
21
21
21
21
21
21
21
21
21
21
21
22
22
22
22
22
22
22
22
22
22
22
22
22
22
22
22
19
19
19
19
19
19
20
20
20
20
20
20
20
20
20
20
19
20
20
20
20
20
20
20
20
20
20
21
21
21
21
21
21
21
21
21
21
21
21
21
21
21
21
22
21
22
22
22
22
22
22
23
24
24
24
24
23
23
22
23
23
23
23
22
19
19
19
19
19
19
20
20
20
20
20
20
20
20
20
19
19
20
20
20
20
20
20
20
20
20
20
21
21
21
21
21
21
21
21
21
21
22
22
21
21
21
22
21
22
22
22
22
22
22
23
24
24
24
24
24
23
23
23
23
23
23
23
23
19
19
20
20
20
20
20
20
20
20
20
20
20
20
20
20
20
19
20
20
20
20
20
20
21
21
21
21
21
21
21
21
21
21
21
21
21
22
22
22
22
22
22
22
22
22
22
22
23
24
24
24
24
24
24
23
24
23
23
23
23
23
23
23
19
20
20
20
20
20
20
21
21
21
21
20
20
20
20
15
0
2
16
19
20
20
20
20
21
22
22
22
22
22
22
22
22
22
22
22
22
22
22
22
22
22
22
22
22
22
22
23
24
24
24
24
24
24
24
24
23
23
23
24
25
24
24
24
20
20
20
20
20
20
21
21
21
21
21
21
20
20
9
-28
-32
-31
-20
18
20
21
21
20
14
0
2
17
23
22
22
22
22
22
22
22
22
22
22
22
22
22
23
24
24
23
23
23
24
24
24
25
25
25
25
24
24
24
24
24
25
25
25
24
20
20
20
20
20
20
20
20
21
21
21
20
20
21
-18
-37
-37
-35
-33
1
21
21
21
15
-28
-33
-31
-22
18
22
22
22
22
22
22
22
22
22
22
22
23
24
24
24
24
24
24
24
24
24
25
25
25
25
25
25
25
25
25
26
26
26
26
26
20
20
20
20
20
20
20
20
20
21
21
21
20
20
-28
-41
-41
-37
-35
-20
22
21
21
-5
-41
-39
-35
-31
-1
23
22
22
22
22
23
22
22
22
22
23
24
24
24
24
24
23
24
24
25
25
25
25
25
26
26
25
25
25
25
26
26
26
26
26
20
20
20
20
21
20
20
20
20
21
21
21
20
20
-23
-43
-43
-40
-38
-34
10
21
21
-5
-44
-42
-38
-33
-20
22
22
22
23
23
16
8
14
23
23
24
24
24
24
24
25
25
25
25
25
25
25
25
25
26
26
26
25
26
26
26
26
26
26
26
20
20
20
21
21
21
8
-16
-22
-9
20
21
21
20
-9
-44
-44
-43
-41
-37
-15
22
21
8
-44
-45
-41
-37
-31
3
25
23
23
10
-29
-31
-27
4
24
24
24
24
25
25
25
25
25
24
25
25
25
25
26
26
26
26
26
26
26
26
26
26
26
26
21
21
21
21
21
20
-27
-33
-34
-34
-11
22
22
21
9
-45
-45
-43
-42
-40
-31
19
23
21
-29
-45
-43
-40
-36
-22
22
24
24
-9
-39
-37
-36
-29
12
24
25
24
24
25
25
25
25
25
26
26
26
26
26
26
26
26
26
27
27
27
27
27
27
27
21
21
21
21
21
15
-36
-38
-38
-37
-33
13
22
22
18
-38
-44
-43
-42
-40
-37
-1
24
22
-6
-44
-43
-41
-38
-31
6
25
24
-7
-45
-42
-40
-37
-23
22
24
25
25
25
26
26
26
26
26
26
26
26
27
27
27
27
27
27
27
28
28
28
28
28
22
21
21
22
21
16
-40
-41
-40
-39
-35
-17
24
22
21
-30
-43
-43
-42
-41
-38
-23
24
24
14
-43
-44
-42
-39
-36
-20
24
24
12
-46
-45
-42
-39
-33
-1
26
25
25
26
25
26
26
26
27
27
27
27
27
27
27
27
28
28
28
28
28
28
28
28
22
22
22
22
21
20
-36
-43
-42
-40
-38
-35
9
22
21
-19
-44
-44
-43
-41
-39
-35
14
25
22
-34
-44
-42
-40
-37
-33
8
25
23
-28
-45
-42
-40
-37
-26
18
26
26
26
26
26
27
27
27
27
27
27
28
28
28
28
28
28
28
28
28
28
28
28
22
22
22
22
22
21
-23
-42
-42
-42
-41
-38
-21
24
22
-1
-46
-46
-43
-39
-35
-32
-12
27
25
-12
-46
-41
-37
-34
-32
-17
24
23
-4
-46
-42
-40
-38
-35
-1
27
26
26
27
27
27
27
27
28
28
28
28
28
28
28
28
29
29
29
29
29
29
29
23
23
23
22
23
22
-6
-41
-42
-42
-41
-40
-36
14
23
18
-42
-43
-40
-35
-33
-31
-28
20
25
14
-43
-39
-35
-33
-33
-32
10
25
17
-46
-43
-40
-38
-35
-22
26
27
27
27
27
27
28
28
28
28
28
28
28
29
29
29
29
30
30
30
31
31
30
23
23
23
23
23
23
8
-41
-41
-41
-41
-41
-39
-2
24
24
-16
-42
-39
-36
-32
-32
-32
-1
25
24
-25
-40
-36
-34
-34
-34
-17
27
27
-30
-45
-41
-37
-32
-28
12
28
27
27
28
28
28
28
28
29
29
29
29
29
29
30
30
30
30
30
30
31
31
23
23
23
24
24
23
20
-35
-42
-41
-41
-41
-40
-22
25
25
12
-41
-40
-36
-33
-32
-33
-24
25
25
2
-42
-37
-35
-35
-36
-34
12
29
0
-45
-39
-34
-32
-29
-9
29
28
28
28
28
28
29
29
29
29
30
30
30
30
30
30
31
31
31
31
32
32
23
24
23
24
24
24
23
-20
-42
-42
-41
-38
-35
-29
12
26
24
-29
-40
-39
-36
-34
-34
-33
12
27
20
-41
-38
-36
-36
-37
-37
-16
28
22
-39
-37
-34
-33
-31
-26
15
28
28
28
29
29
29
29
29
30
30
30
30
30
31
31
31
31
32
32
33
33
24
24
24
24
24
24
24
6
-44
-43
-38
-34
-32
-29
-15
27
24
-9
-41
-41
-38
-36
-35
-35
-9
28
26
-31
-41
-37
-37
-38
-39
-33
18
28
-20
-38
-36
-35
-35
-32
-6
29
28
29
29
29
29
30
31
31
31
31
31
31
31
32
32
33
33
33
33
33
24
24
24
25
25
25
25
25
-27
-39
-35
-33
-32
-30
-29
13
27
9
-43
-42
-41
-39
-37
-38
-32
27
27
-13
-46
-38
-38
-41
-42
-40
-9
29
-3
-41
-37
-37
-36
-35
-26
23
29
29
29
30
30
31
31
32
31
31
31
32
32
32
33
33
34
34
34
34
26
25
26
26
26
26
25
26
0
-38
-35
-34
-33
-32
-32
-11
27
23
-40
-44
-43
-41
-41
-40
-38
6
30
7
-49
-40
-40
-41
-41
-41
-31
25
10
-43
-39
-39
-39
-37
-33
7
30
30
30
31
31
32
32
32
32
33
33
33
33
34
34
34
34
34
34
34
26
26
26
26
26
26
26
27
20
-36
-36
-35
-34
-34
-34
-30
22
28
-25
-45
-46
-44
-40
-38
-35
-23
30
20
-48
-42
-40
-38
-37
-37
-36
6
20
-44
-41
-40
-39
-37
-33
-12
31
31
31
31
32
32
32
32
33
34
34
34
34
35
35
35
35
35
35
35
27
27
27
27
27
27
27
26
26
-22
-38
-36
-35
-35
-35
-35
-6
30
-12
-45
-47
-45
-38
-35
-33
-33
12
28
-44
-46
-40
-36
-34
-34
-35
-14
29
-40
-45
-41
-37
-34
-31
-23
25
31
31
31
32
32
33
34
34
34
34
35
35
35
35
36
36
36
36
36
27
27
27
27
27
27
27
27
25
-8
-39
-38
-37
-37
-37
-37
-30
27
7
-44
-47
-45
-37
-32
-29
-29
-19
30
-22
-47
-40
-35
-32
-31
-32
-30
26
-14
-45
-38
-34
-32
-30
-25
5
33
32
32
32
33
33
34
34
35
35
35
35
36
36
36
36
36
36
37
28
28
28
28
28
28
28
28
27
4
-39
-38
-38
-37
-38
-37
-33
4
28
-37
-45
-43
-36
-30
-28
-27
-29
8
22
-45
-41
-36
-31
-30
-30
-33
4
27
-39
-39
-34
-31
-29
-27
-18
30
32
32
33
34
34
35
35
35
36
36
36
37
37
37
37
37
37
37
28
28
28
28
28
28
28
28
28
21
-37
-39
-38
-38
-37
-35
-33
-26
24
3
-45
-42
-37
-30
-27
-27
-28
-27
29
-5
-44
-37
-31
-30
-29
-32
-21
32
-6
-40
-35
-31
-30
-29
-25
2
34
34
34
35
35
35
36
36
36
37
37
37
37
37
37
37
38
38
29
29
29
29
29
29
29
29
29
29
-19
-40
-39
-37
-35
-31
-28
-27
-12
30
-23
-41
-38
-33
-29
-27
-27
-29
0
29
-40
-40
-33
-31
-29
-30
-33
14
22
-41
-38
-33
-31
-30
-27
-21
24
35
35
35
36
36
36
37
37
37
38
38
38
38
38
38
38
38
29
29
29
29
30
30
29
30
30
29
8
-43
-40
-35
-31
-27
-25
-24
-23
8
20
-40
-38
-36
-31
-27
-27
-28
-29
28
-11
-45
-37
-34
-31
-31
-32
-21
19
-26
-44
-41
-38
-34
-30
-25
-10
35
36
36
36
37
37
37
38
38
38
39
38
39
39
39
40
40
29
29
29
30
30
30
30
30
30
30
29
-20
-39
-33
-29
-26
-23
-22
-20
-21
21
-14
-40
-39
-35
-30
-28
-28
-30
0
22
-47
-43
-37
-31
-29
-30
-29
-28
-26
-33
-30
-25
-24
-25
-23
-20
9
37
36
37
37
38
38
39
39
39
39
39
39
39
40
41
41
30
30
29
29
30
28
28
31
31
31
30
23
-34
-35
-32
-28
-24
-21
-20
-21
-18
21
-38
-41
-39
-32
-28
-27
-27
-25
20
-33
-45
-34
-29
-28
-28
-28
-25
-23
-21
-22
-22
-22
-22
-22
-22
-20
13
37
37
38
39
39
40
40
40
40
40
40
40
40
41
41
30
30
30
18
-10
-20
-18
-13
4
26
32
32
7
-40
-35
-31
-26
-23
-21
-22
-24
4
-4
-42
-43
-35
-28
-27
-26
-26
-25
-25
-23
-27
-28
-26
-26
-27
-26
-24
-23
-22
-22
-23
-22
-21
-22
-22
-19
18
39
39
40
41
40
40
40
40
40
40
41
41
42
42
30
30
28
-24
-29
-28
-25
-22
-20
-20
-9
25
33
-21
-39
-34
-30
-26
-23
-23
-26
-25
21
-34
-41
-30
-27
-25
-23
-23
-21
-21
-19
-19
-22
-25
-25
-27
-27
-25
-23
-23
-23
-23
-22
-21
-21
-21
-21
-17
29
39
41
41
41
41
41
41
42
42
42
42
42
42
31
31
25
-39
-43
-40
-30
-25
-21
-20
-20
-20
15
21
-40
-38
-34
-29
-26
-26
-29
-25
-20
-19
-21
-24
-27
-29
-27
-23
-21
-21
-21
-20
-19
-22
-25
-27
-29
-27
-25
-24
-23
-22
-22
-21
-21
-21
-21
-21
-3
40
41
42
41
41
41
42
42
42
43
43
43
43
31
31
31
-19
-51
-51
-37
-29
-24
-22
-20
-18
-20
19
-14
-40
-37
-30
-30
-31
-25
-17
-15
-15
-14
-15
-19
-25
-27
-26
-23
-21
-22
-23
-20
-19
-23
-27
-30
-29
-27
-26
-24
-23
-22
-21
-20
-20
-20
-20
-18
23
43
43
43
43
43
43
43
43
43
43
43
43
31
31
31
30
-5
-54
-45
-35
-30
-27
-25
-20
-15
-19
19
-38
-41
-35
-34
-28
-21
-18
-18
-17
-15
-14
-13
-18
-23
-26
-26
-24
-23
-23
-22
-20
-22
-27
-29
-29
-30
-29
-28
-25
-22
-21
-20
-20
-20
-20
-20
-8
43
44
43
43
43
43
44
44
44
44
44
44
32
33
32
32
33
16
-34
-37
-34
-32
-29
-24
-19
-22
-12
-3
-46
-42
-37
-29
-24
-19
-19
-19
-18
-15
-14
-14
-20
-22
-23
-26
-24
-23
-24
-25
-25
-26
-26
-27
-30
-30
-27
-23
-22
-21
-20
-20
-20
-19
-20
-18
23
45
44
44
44
44
44
44
44
44
44
45
34
34
34
33
32
33
20
-35
-35
-33
-30
-27
-23
-19
-21
-5
-40
-43
-40
-36
-28
-22
-21
-20
-18
-17
-15
-14
-18
-21
-21
-23
-25
-25
-25
-28
-31
-27
-27
-27
-27
-25
-24
-23
-22
-21
-21
-20
-20
-19
-20
-20
-6
43
44
44
44
44
45
45
45
45
45
45
35
34
34
33
33
33
34
7
-38
-35
-31
-29
-25
-20
-15
-16
-22
-37
-46
-40
-31
-26
-24
-21
-19
-19
-17
-15
-15
-18
-20
-22
-21
-25
-27
-30
-28
-26
-23
-23
-22
-22
-22
-22
-22
-21
-21
-20
-19
-18
-19
-19
-17
26
45
44
44
45
45
45
45
45
45
46
35
35
35
34
34
34
34
34
-29
-40
-34
-30
-26
-23
-19
-15
-15
-19
-30
-41
-35
-33
-34
-35
-33
-36
-38
-35
-30
-26
-22
-21
-19
-18
-18
-22
-23
-21
-20
-21
-21
-21
-21
-21
-21
-22
-21
-20
-18
-18
-19
-19
-18
-3
46
45
45
45
45
46
46
46
46
46
35
35
35
36
35
36
35
36
12
-47
-40
-33
-27
-25
-21
-17
-15
-16
-18
-22
-34
-47
-46
-37
-29
-25
-22
-18
-21
-24
-27
-26
-24
-23
-22
-20
-21
-23
-22
-23
-22
-21
-21
-21
-21
-21
-21
-20
-20
-18
-19
-19
-19
-17
32
46
45
45
46
46
46
46
46
47
36
36
36
36
36
36
36
36
36
-14
-48
-38
-30
-26
-22
-19
-16
-16
-15
-14
-16
-20
-19
-19
-18
-16
-14
-14
-15
-16
-17
-18
-19
-21
-23
-22
-21
-23
-23
-23
-25
-24
-23
-22
-21
-21
-21
-20
-20
-18
-18
-19
-19
-19
6
47
46
46
46
47
47
47
47
47
36
36
36
36
36
37
37
37
36
36
-16
-48
-35
-30
-25
-22
-18
-17
-16
-12
-11
-12
-13
-16
-15
-14
-13
-14
-13
-14
-14
-15
-16
-17
-18
-18
-19
-20
-21
-20
-19
-21
-22
-22
-21
-20
-21
-20
-18
-18
-17
-18
-19
-20
-13
41
47
47
47
48
48
48
47
48
37
37
37
37
37
37
37
37
38
38
37
0
-44
-34
-29
-25
-21
-19
-18
-14
-12
-13
-14
-16
-17
-16
-16
-15
-15
-15
-14
-14
-15
-15
-17
-17
-17
-18
-19
-19
-19
-20
-20
-21
-20
-20
-20
-20
-18
-18
-18
-18
-18
-20
-17
23
49
48
48
48
49
49
48
49
37
37
37
37
37
38
38
38
38
38
38
37
5
-43
-32
-28
-23
-21
-20
-19
-15
-14
-15
-17
-17
-16
-16
-16
-17
-16
-15
-15
-15
-14
-15
-15
-16
-18
-19
-19
-20
-20
-20
-20
-20
-20
-20
-20
-20
-19
-18
-18
-18
-19
-18
3
50
48
49
49
49
49
49
50
37
38
38
38
38
38
38
38
39
39
39
39
39
5
-39
-29
-25
-23
-22
-22
-20
-18
-18
-18
-17
-17
-16
-15
-15
-15
-15
-15
-14
-14
-14
-14
-15
-16
-18
-19
-20
-20
-21
-20
-20
-20
-19
-19
-20
-19
-18
-18
-18
-19
-19
-10
45
50
50
50
50
50
50
50
38
38
38
38
38
38
39
39
39
39
39
39
38
38
2
-35
-27
-26
-24
-23
-24
-22
-20
-19
-18
-17
-16
-16
-15
-15
-16
-16
-15
-15
-15
-14
-14
-14
-17
-18
-20
-20
-20
-22
-20
-20
-19
-19
-19
-18
-18
-17
-17
-18
-19
-12
31
51
50
50
50
51
51
51
38
39
39
40
40
40
39
39
40
40
40
40
39
39
38
-9
-35
-31
-28
-27
-26
-24
-23
-21
-20
-18
-17
-16
-16
-17
-16
-16
-15
-15
-14
-14
-14
-14
-15
-17
-18
-19
-19
-19
-20
-19
-18
-17
-17
-18
-17
-17
-17
-18
-19
-14
14
52
50
50
50
51
51
52
39
40
40
40
40
40
40
40
40
40
40
40
40
40
40
35
-33
-41
-39
-35
-33
-30
-26
-24
-22
-21
-19
-18
-17
-17
-16
-16
-15
-15
-15
-15
-14
-14
-14
-16
-18
-18
-19
-18
-16
-16
-16
-16
-16
-17
-17
-17
-17
-17
-18
-16
-1
51
51
50
50
52
52
52
40
40
40
40
41
41
40
40
40
40
41
41
41
41
41
41
20
-47
-48
-45
-41
-37
-31
-27
-25
-24
-21
-20
-19
-18
-17
-17
-16
-16
-16
-15
-15
-14
-14
-14
-15
-17
-17
-17
-16
-15
-14
-15
-15
-16
-16
-16
-16
-17
-18
-18
-7
44
52
51
51
52
52
53
40
40
41
41
41
41
40
41
41
41
42
41
41
42
41
42
43
16
-47
-51
-47
-43
-37
-33
-29
-26
-24
-23
-22
-20
-19
-19
-18
-17
-17
-17
-17
-17
-17
-16
-15
-16
-16
-15
-15
-14
-14
-14
-14
-15
-15
-16
-16
-17
-18
-19
-12
34
53
51
52
52
53
53
40
41
41
41
41
42
41
41
42
43
43
43
42
43
42
43
44
44
28
-38
-53
-49
-44
-40
-35
-31
-29
-28
-26
-24
-23
-22
-20
-19
-19
-19
-19
-19
-20
-19
-18
-17
-16
-15
-14
-14
-13
-13
-13
-14
-15
-15
-16
-16
-18
-20
-16
22
54
53
53
53
54
54
41
41
41
42
42
42
42
42
43
43
43
43
43
43
44
44
44
44
44
37
-39
-53
-49
-46
-41
-37
-34
-32
-30
-28
-26
-25
-23
-22
-22
-21
-21
-21
-21
-21
-20
-19
-17
-15
-14
-13
-13
-13
-13
-13
-14
-15
-15
-17
-18
-20
-18
11
55
54
54
55
54
54
41
41
41
42
42
42
43
43
43
44
44
44
44
44
44
45
45
45
45
44
26
-53
-54
-50
-46
-42
-39
-36
-33
-30
-28
-27
-26
-24
-24
-23
-22
-22
-22
-23
-23
-22
-18
-15
-15
-15
-13
-13
-12
-13
-14
-14
-15
-17
-18
-20
-18
2
55
55
54
55
55
56
41
42
41
41
42
43
43
43
44
44
45
45
44
45
44
45
45
46
46
45
45
-5
-56
-55
-52
-48
-44
-39
-36
-33
-31
-29
-28
-27
-25
-25
-24
-24
-23
-24
-24
-23
-18
-16
-17
-16
-13
-14
-13
-13
-13
-13
-16
-17
-18
-20
-19
-8
50
56
55
56
56
56
